      0.00000000e+00       1.41364801e-01       1.41364801e-01       1.41364801e-01       1.41364801e-01
      1.00000000e+01       8.80246175e-02       8.80246175e-02       8.80246175e-02       8.80246175e-02
      2.00000000e+01       3.11751703e-02       3.11751703e-02       3.11751703e-02       3.11751703e-02
      3.00000000e+01      -2.69171327e-02      -2.69171327e-02      -2.69171327e-02      -2.69171327e-02
      4.00000000e+01      -8.39363345e-02      -8.39363345e-02      -8.39363345e-02      -8.39363345e-02
      5.00000000e+01      -1.37609259e-01      -1.37609259e-01      -1.37609259e-01      -1.37609259e-01
      6.00000000e+01      -1.85796137e-01      -1.85796137e-01      -1.85796137e-01      -1.85796137e-01
      7.00000000e+01      -2.26575908e-01      -2.26575908e-01      -2.26575908e-01      -2.26575908e-01
      8.00000000e+01      -2.58322812e-01      -2.58322812e-01      -2.58322812e-01      -2.58322812e-01
      9.00000000e+01      -2.79771199e-01      -2.79771199e-01      -2.79771199e-01      -2.79771199e-01
      1.00000000e+02      -2.90065991e-01      -2.90065991e-01      -2.90065991e-01      -2.90065991e-01
      1.10000000e+02      -2.88796766e-01      -2.88796766e-01      -2.88796766e-01      -2.88796766e-01
      1.20000000e+02      -2.76014125e-01      -2.76014125e-01      -2.76014125e-01      -2.76014125e-01
      1.30000000e+02      -2.52227671e-01      -2.52227671e-01      -2.52227671e-01      -2.52227671e-01
      1.40000000e+02      -2.18385694e-01      -2.18385694e-01      -2.18385694e-01      -2.18385694e-01
      1.50000000e+02      -1.75837368e-01      -1.75837368e-01      -1.75837368e-01      -1.75837368e-01
      1.60000000e+02      -1.26278961e-01      -1.26278961e-01      -1.26278961e-01      -1.26278961e-01
      1.70000000e+02      -7.16862095e-02      -7.16862095e-02      -7.16862095e-02      -7.16862095e-02
      1.80000000e+02      -1.42355548e-02      -1.42355548e-02      -1.42355548e-02      -1.42355548e-02
      1.90000000e+02       4.37826265e-02       4.37826265e-02       4.37826265e-02       4.37826265e-02
      2.00000000e+02       1.00055332e-01       1.00055332e-01       1.00055332e-01       1.00055332e-01
      2.10000000e+02       1.52339148e-01       1.52339148e-01       1.52339148e-01       1.52339148e-01
      2.20000000e+02       1.98549682e-01       1.98549682e-01       1.98549682e-01       1.98549682e-01
      2.30000000e+02       2.36844665e-01       2.36844665e-01       2.36844665e-01       2.36844665e-01
      2.40000000e+02       2.65697399e-01       2.65697399e-01       2.65697399e-01       2.65697399e-01
      2.50000000e+02       2.83957615e-01       2.83957615e-01       2.83957615e-01       2.83957615e-01
      2.60000000e+02       2.90897336e-01       2.90897336e-01       2.90897336e-01       2.90897336e-01
      2.70000000e+02       2.86239897e-01       2.86239897e-01       2.86239897e-01       2.86239897e-01
      2.80000000e+02       2.70170976e-01       2.70170976e-01       2.70170976e-01       2.70170976e-01
      2.90000000e+02       2.43331190e-01       2.43331190e-01       2.43331190e-01       2.43331190e-01
      3.00000000e+02       2.06790556e-01       2.06790556e-01       2.06790556e-01       2.06790556e-01
      3.10000000e+02       1.62005835e-01       1.62005835e-01       1.62005835e-01       1.62005835e-01
      3.20000000e+02       1.10762451e-01       1.10762451e-01       1.10762451e-01       1.10762451e-01
      3.30000000e+02       5.51033182e-02       5.51033182e-02       5.51033182e-02       5.51033182e-02
      3.40000000e+02      -2.75261041e-03      -2.75261041e-03      -2.75261041e-03      -2.75261041e-03
      3.50000000e+02      -6.04988011e-02      -6.04988011e-02      -6.04988011e-02      -6.04988011e-02
      3.60000000e+02      -1.15833095e-01      -1.15833095e-01      -1.15833095e-01      -1.15833095e-01
      3.70000000e+02      -1.66549489e-01      -1.66549489e-01      -1.66549489e-01      -1.66549489e-01
      3.80000000e+02      -2.10626080e-01      -2.10626080e-01      -2.10626080e-01      -2.10626080e-01
      3.90000000e+02      -2.46305673e-01      -2.46305673e-01      -2.46305673e-01      -2.46305673e-01
      4.00000000e+02      -2.72165835e-01      -2.72165835e-01      -2.72165835e-01      -2.72165835e-01
      4.10000000e+02      -2.87175603e-01      -2.87175603e-01      -2.87175603e-01      -2.87175603e-01
      4.20000000e+02      -2.90736586e-01      -2.90736586e-01      -2.90736586e-01      -2.90736586e-01
      4.30000000e+02      -2.82706817e-01      -2.82706817e-01      -2.82706817e-01      -2.82706817e-01
      4.40000000e+02      -2.63406418e-01      -2.63406418e-01      -2.63406418e-01      -2.63406418e-01
      4.50000000e+02      -2.33604836e-01      -2.33604836e-01      -2.33604836e-01      -2.33604836e-01
      4.60000000e+02      -1.94490166e-01      -1.94490166e-01      -1.94490166e-01      -1.94490166e-01
      4.70000000e+02      -1.47621786e-01      -1.47621786e-01      -1.47621786e-01      -1.47621786e-01
      4.80000000e+02      -9.48681902e-02      -9.48681902e-02      -9.48681902e-02      -9.48681902e-02
      4.90000000e+02      -3.83324991e-02      -3.83324991e-02      -3.83324991e-02      -3.83324991e-02
      5.00000000e+02       1.97313880e-02       1.97313880e-02       1.97313880e-02       1.97313880e-02
      5.10000000e+02       7.70086468e-02       7.70086468e-02       7.70086468e-02       7.70086468e-02
      5.20000000e+02       1.31215814e-01       1.31215814e-01       1.31215814e-01       1.31215814e-01
      5.30000000e+02       1.80191820e-01       1.80191820e-01       1.80191820e-01       1.80191820e-01
      5.40000000e+02       2.21984146e-01       2.21984146e-01       2.21984146e-01       2.21984146e-01
      5.50000000e+02       2.54926664e-01       2.54926664e-01       2.54926664e-01       2.54926664e-01
      5.60000000e+02       2.77706059e-01       2.77706059e-01       2.77706059e-01       2.77706059e-01
      5.70000000e+02       2.89414190e-01       2.89414190e-01       2.89414190e-01       2.89414190e-01
      5.80000000e+02       2.89584289e-01       2.89584289e-01       2.89584289e-01       2.89584289e-01
      5.90000000e+02       2.78209575e-01       2.78209575e-01       2.78209575e-01       2.78209575e-01
      6.00000000e+02       2.55743523e-01       2.55743523e-01       2.55743523e-01       2.55743523e-01
      6.10000000e+02       2.23081782e-01       2.23081782e-01       2.23081782e-01       2.23081782e-01
      6.20000000e+02       1.81526474e-01       1.81526474e-01       1.81526474e-01       1.81526474e-01
      6.30000000e+02       1.32734278e-01       1.32734278e-01       1.32734278e-01       1.32734278e-01
      6.40000000e+02       7.86503848e-02       7.86503848e-02       7.86503848e-02       7.86503848e-02
      6.50000000e+02       2.14309485e-02       2.14309485e-02       2.14309485e-02       2.14309485e-02
      6.60000000e+02      -3.66428722e-02      -3.66428722e-02      -3.66428722e-02      -3.66428722e-02
      6.70000000e+02      -9.32558570e-02      -9.32558570e-02      -9.32558570e-02      -9.32558570e-02
      6.80000000e+02      -1.46151025e-01      -1.46151025e-01      -1.46151025e-01      -1.46151025e-01
      6.90000000e+02      -1.93219612e-01      -1.93219612e-01      -1.93219612e-01      -1.93219612e-01
      7.00000000e+02      -2.32585142e-01      -2.32585142e-01      -2.32585142e-01      -2.32585142e-01
      7.10000000e+02      -2.62678236e-01      -2.62678236e-01      -2.62678236e-01      -2.62678236e-01
      7.20000000e+02      -2.82299177e-01      -2.82299177e-01      -2.82299177e-01      -2.82299177e-01
      7.30000000e+02      -2.90665740e-01      -2.90665740e-01      -2.90665740e-01      -2.90665740e-01
      7.40000000e+02      -2.87444375e-01      -2.87444375e-01      -2.87444375e-01      -2.87444375e-01
      7.50000000e+02      -2.72763510e-01      -2.72763510e-01      -2.72763510e-01      -2.72763510e-01
      7.60000000e+02      -2.47208424e-01      -2.47208424e-01      -2.47208424e-01      -2.47208424e-01
      7.70000000e+02      -2.11797917e-01      -2.11797917e-01      -2.11797917e-01      -2.11797917e-01
      7.80000000e+02      -1.67943694e-01      -1.67943694e-01      -1.67943694e-01      -1.67943694e-01
      7.90000000e+02      -1.17394087e-01      -1.17394087e-01      -1.17394087e-01      -1.17394087e-01
      8.00000000e+02      -6.21643469e-02      -6.21643469e-02      -6.21643469e-02      -6.21643469e-02
      8.10000000e+02      -4.45631056e-03      -4.45631056e-03      -4.45631056e-03      -4.45631056e-03
      8.20000000e+02       5.34293847e-02       5.34293847e-02       5.34293847e-02       5.34293847e-02
      8.30000000e+02       1.09185019e-01       1.09185019e-01       1.09185019e-01       1.09185019e-01
      8.40000000e+02       1.60587790e-01       1.60587790e-01       1.60587790e-01       1.60587790e-01
      8.50000000e+02       2.05588433e-01       2.05588433e-01       2.05588433e-01       2.05588433e-01
      8.60000000e+02       2.42392913e-01       2.42392913e-01       2.42392913e-01       2.42392913e-01
      8.70000000e+02       2.69533952e-01       2.69533952e-01       2.69533952e-01       2.69533952e-01
      8.80000000e+02       2.85929522e-01       2.85929522e-01       2.85929522e-01       2.85929522e-01
      8.90000000e+02       2.90925984e-01       2.90925984e-01       2.90925984e-01       2.90925984e-01
      9.00000000e+02       2.84324145e-01       2.84324145e-01       2.84324145e-01       2.84324145e-01
      9.10000000e+02       2.66387199e-01       2.66387199e-01       2.66387199e-01       2.66387199e-01
      9.20000000e+02       2.37830236e-01       2.37830236e-01       2.37830236e-01       2.37830236e-01
      9.30000000e+02       1.99791732e-01       1.99791732e-01       1.99791732e-01       1.99791732e-01
      9.40000000e+02       1.53788163e-01       1.53788163e-01       1.53788163e-01       1.53788163e-01
      9.50000000e+02       1.01653546e-01       1.01653546e-01       1.01653546e-01       1.01653546e-01
      9.60000000e+02       4.54663227e-02       4.54663227e-02       4.54663227e-02       4.54663227e-02
      9.70000000e+02      -1.25334981e-02      -1.25334981e-02      -1.25334981e-02      -1.25334981e-02
      9.80000000e+02      -7.00336472e-02      -7.00336472e-02      -7.00336472e-02      -7.00336472e-02
      9.90000000e+02      -1.24741775e-01      -1.24741775e-01      -1.24741775e-01      -1.24741775e-01
      1.00000000e+03      -1.74476842e-01      -1.74476842e-01      -1.74476842e-01      -1.74476842e-01
      1.01000000e+03      -2.17256068e-01      -2.17256068e-01      -2.17256068e-01      -2.17256068e-01
      1.02000000e+03      -2.51373982e-01      -2.51373982e-01      -2.51373982e-01      -2.51373982e-01
      1.03000000e+03      -2.75470410e-01      -2.75470410e-01      -2.75470410e-01      -2.75470410e-01
      1.04000000e+03      -2.88584706e-01      -2.88584706e-01      -2.88584706e-01      -2.88584706e-01
      1.05000000e+03      -2.90194045e-01      -2.90194045e-01      -2.90194045e-01      -2.90194045e-01
      1.06000000e+03      -2.80234270e-01      -2.80234270e-01      -2.80234270e-01      -2.80234270e-01
      1.07000000e+03      -2.59102447e-01      -2.59102447e-01      -2.59102447e-01      -2.59102447e-01
      1.08000000e+03      -2.27641038e-01      -2.27641038e-01      -2.27641038e-01      -2.27641038e-01
      1.09000000e+03      -1.87104310e-01      -1.87104310e-01      -1.87104310e-01      -1.87104310e-01
      1.10000000e+03      -1.39108336e-01      -1.39108336e-01      -1.39108336e-01      -1.39108336e-01
      1.11000000e+03      -8.55665652e-02      -8.55665652e-02      -8.55665652e-02      -8.55665652e-02
      1.12000000e+03      -2.86135380e-02      -2.86135380e-02      -2.86135380e-02      -2.86135380e-02
      1.13000000e+03       2.94802096e-02       2.94802096e-02       2.94802096e-02       2.94802096e-02
      1.14000000e+03       8.63986664e-02       8.63986664e-02       8.63986664e-02       8.63986664e-02
      1.15000000e+03       1.39872678e-01       1.39872678e-01       1.39872678e-01       1.39872678e-01
      1.16000000e+03       1.87770412e-01       1.87770412e-01       1.87770412e-01       1.87770412e-01
      1.17000000e+03       2.28182346e-01       2.28182346e-01       2.28182346e-01       2.28182346e-01
      1.18000000e+03       2.59497396e-01       2.59497396e-01       2.59497396e-01       2.59497396e-01
      1.19000000e+03       2.80467144e-01       2.80467144e-01       2.80467144e-01       2.80467144e-01
      1.20000000e+03       2.90255610e-01       2.90255610e-01       2.90255610e-01       2.90255610e-01
      1.21000000e+03       2.88472577e-01       2.88472577e-01       2.88472577e-01       2.88472577e-01
      1.22000000e+03       2.75189150e-01       2.75189150e-01       2.75189150e-01       2.75189150e-01
      1.23000000e+03       2.50934915e-01       2.50934915e-01       2.50934915e-01       2.50934915e-01
      1.24000000e+03       2.16676832e-01       2.16676832e-01       2.16676832e-01       2.16676832e-01
      1.25000000e+03       1.73780675e-01       1.73780675e-01       1.73780675e-01       1.73780675e-01
      1.26000000e+03       1.23956586e-01       1.23956586e-01       1.23956586e-01       1.23956586e-01
      1.27000000e+03       6.91908897e-02       6.91908897e-02       6.91908897e-02       6.91908897e-02
      1.28000000e+03       1.16669051e-02       1.16669051e-02       1.16669051e-02       1.16669051e-02
      1.29000000e+03      -4.63221052e-02      -4.63221052e-02      -4.63221052e-02      -4.63221052e-02
      1.30000000e+03      -1.02464363e-01      -1.02464363e-01      -1.02464363e-01      -1.02464363e-01
      1.31000000e+03      -1.54521744e-01      -1.54521744e-01      -1.54521744e-01      -1.54521744e-01
      1.32000000e+03      -2.00419010e-01      -2.00419010e-01      -2.00419010e-01      -2.00419010e-01
      1.33000000e+03      -2.38326546e-01      -2.38326546e-01      -2.38326546e-01      -2.38326546e-01
      1.34000000e+03      -2.66733310e-01      -2.66733310e-01      -2.66733310e-01      -2.66733310e-01
      1.35000000e+03      -2.84507075e-01      -2.84507075e-01      -2.84507075e-01      -2.84507075e-01
      1.36000000e+03      -2.90939570e-01      -2.90939570e-01      -2.90939570e-01      -2.90939570e-01
      1.37000000e+03      -2.85774722e-01      -2.85774722e-01      -2.85774722e-01      -2.85774722e-01
      1.38000000e+03      -2.69218861e-01      -2.69218861e-01      -2.69218861e-01      -2.69218861e-01
      1.39000000e+03      -2.41932497e-01      -2.41932497e-01      -2.41932497e-01      -2.41932497e-01
      1.40000000e+03      -2.05003984e-01      -2.05003984e-01      -2.05003984e-01      -2.05003984e-01
      1.41000000e+03      -1.59906126e-01      -1.59906126e-01      -1.59906126e-01      -1.59906126e-01
      1.42000000e+03      -1.08437461e-01      -1.08437461e-01      -1.08437461e-01      -1.08437461e-01
      1.43000000e+03      -5.26505548e-02      -5.26505548e-02      -5.26505548e-02      -5.26505548e-02
      1.44000000e+03       5.22981862e-03       5.22981862e-03       5.22981862e-03       5.22981862e-03
      1.45000000e+03       6.28953646e-02       6.28953646e-02       6.28953646e-02       6.28953646e-02
      1.46000000e+03       1.18046265e-01       1.18046265e-01       1.18046265e-01       1.18046265e-01
      1.47000000e+03       1.68482818e-01       1.68482818e-01       1.68482818e-01       1.68482818e-01
      1.48000000e+03       2.12193066e-01       2.12193066e-01       2.12193066e-01       2.12193066e-01
      1.49000000e+03       2.47432897e-01       2.47432897e-01       2.47432897e-01       2.47432897e-01
      1.50000000e+03       2.72795423e-01       2.72795423e-01       2.72795423e-01       2.72795423e-01
      1.51000000e+03       2.87266857e-01       2.87266857e-01       2.87266857e-01       2.87266857e-01
      1.52000000e+03       2.90266650e-01       2.90266650e-01       2.90266650e-01       2.90266650e-01
      1.53000000e+03       2.81670261e-01       2.81670261e-01       2.81670261e-01       2.81670261e-01
      1.54000000e+03       2.61813661e-01       2.61813661e-01       2.61813661e-01       2.61813661e-01
      1.55000000e+03       2.31479356e-01       2.31479356e-01       2.31479356e-01       2.31479356e-01
      1.56000000e+03       1.91864489e-01       1.91864489e-01       1.91864489e-01       1.91864489e-01
      1.57000000e+03       1.44532276e-01       1.44532276e-01       1.44532276e-01       1.44532276e-01
      1.58000000e+03       9.13487261e-02       9.13487261e-02       9.13487261e-02       9.13487261e-02
      1.59000000e+03       3.44071460e-02       3.44071460e-02       3.44071460e-02       3.44071460e-02
      1.60000000e+03      -2.40565156e-02      -2.40565156e-02      -2.40565156e-02      -2.40565156e-02
      1.61000000e+03      -8.17541052e-02      -8.17541052e-02      -8.17541052e-02      -8.17541052e-02
      1.62000000e+03      -1.36437826e-01      -1.36437826e-01      -1.36437826e-01      -1.36437826e-01
      1.63000000e+03      -1.85991181e-01      -1.85991181e-01      -1.85991181e-01      -1.85991181e-01
      1.64000000e+03      -2.28514595e-01      -2.28514595e-01      -2.28514595e-01      -2.28514595e-01
      1.65000000e+03      -2.62402232e-01      -2.62402232e-01      -2.62402232e-01      -2.62402232e-01
      1.66000000e+03      -2.86406811e-01      -2.86406811e-01      -2.86406811e-01      -2.86406811e-01
      1.67000000e+03      -2.99689774e-01      -2.99689774e-01      -2.99689774e-01      -2.99689774e-01
      1.68000000e+03      -3.01854647e-01      -3.01854647e-01      -3.01854647e-01      -3.01854647e-01
      1.69000000e+03      -2.92962213e-01      -2.92962213e-01      -2.92962213e-01      -2.92962213e-01
      1.70000000e+03      -2.73526760e-01      -2.73526760e-01      -2.73526760e-01      -2.73526760e-01
      1.71000000e+03      -2.44493562e-01      -2.44493562e-01      -2.44493562e-01      -2.44493562e-01
      1.72000000e+03      -2.07198445e-01      -2.07198445e-01      -2.07198445e-01      -2.07198445e-01
      1.73000000e+03      -1.63311124e-01      -1.63311124e-01      -1.63311124e-01      -1.63311124e-01
      1.74000000e+03      -1.14764736e-01      -1.14764736e-01      -1.14764736e-01      -1.14764736e-01
      1.75000000e+03      -6.36744848e-02      -6.36744848e-02      -6.36744848e-02      -6.36744848e-02
      1.76000000e+03      -1.22489418e-02      -1.22489418e-02      -1.22489418e-02      -1.22489418e-02
      1.77000000e+03       3.73021351e-02       3.73021351e-02       3.73021351e-02       3.73021351e-02
      1.78000000e+03       8.28594043e-02       8.28594043e-02       8.28594043e-02       8.28594043e-02
      1.79000000e+03       1.22481221e-01       1.22481221e-01       1.22481221e-01       1.22481221e-01
      1.80000000e+03       1.54481921e-01       1.54481921e-01       1.54481921e-01       1.54481921e-01
      1.81000000e+03       1.77498545e-01       1.77498545e-01       1.77498545e-01       1.77498545e-01
      1.82000000e+03       1.90542337e-01       1.90542337e-01       1.90542337e-01       1.90542337e-01
      1.83000000e+03       1.93032192e-01       1.93032192e-01       1.93032192e-01       1.93032192e-01
      1.84000000e+03       1.84809198e-01       1.84809198e-01       1.84809198e-01       1.84809198e-01
      1.85000000e+03       1.66130319e-01       1.66130319e-01       1.66130319e-01       1.66130319e-01
      1.86000000e+03       1.37641391e-01       1.37641391e-01       1.37641391e-01       1.37641391e-01
      1.87000000e+03       1.00330210e-01       1.00330210e-01       1.00330210e-01       1.00330210e-01
      1.88000000e+03       5.54616173e-02       5.54616173e-02       5.54616173e-02       5.54616173e-02
      1.89000000e+03       4.49774855e-03       4.49774855e-03       4.49774855e-03       4.49774855e-03
      1.90000000e+03      -5.09915351e-02      -5.09915351e-02      -5.09915351e-02      -5.09915351e-02
      1.91000000e+03      -1.09424723e-01      -1.09424723e-01      -1.09424723e-01      -1.09424723e-01
      1.92000000e+03      -1.69302235e-01      -1.69302235e-01      -1.69302235e-01      -1.69302235e-01
      1.93000000e+03      -2.29291712e-01      -2.29291712e-01      -2.29291712e-01      -2.29291712e-01
      1.94000000e+03      -2.88299895e-01      -2.88299895e-01      -2.88299895e-01      -2.88299895e-01
      1.95000000e+03      -3.45521779e-01      -3.45521779e-01      -3.45521779e-01      -3.45521779e-01
      1.96000000e+03      -4.00460097e-01      -4.00460097e-01      -4.00460097e-01      -4.00460097e-01
      1.97000000e+03      -4.52922744e-01      -4.52922744e-01      -4.52922744e-01      -4.52922744e-01
      1.98000000e+03      -5.02990148e-01      -5.02990148e-01      -5.02990148e-01      -5.02990148e-01
      1.99000000e+03      -5.50955106e-01      -5.50955106e-01      -5.50955106e-01      -5.50955106e-01
      2.00000000e+03      -5.97241574e-01      -5.97241574e-01      -5.97241574e-01      -5.97241574e-01
      2.01000000e+03      -6.42314898e-01      -6.42314898e-01      -6.42314898e-01      -6.42314898e-01
      2.02000000e+03      -6.86577020e-01      -6.86577020e-01      -6.86577020e-01      -6.86577020e-01
      2.03000000e+03      -7.30262894e-01      -7.30262894e-01      -7.30262894e-01      -7.30262894e-01
      2.04000000e+03      -7.73338357e-01      -7.73338357e-01      -7.73338357e-01      -7.73338357e-01
      2.05000000e+03      -8.15423280e-01      -8.15423280e-01      -8.15423280e-01      -8.15423280e-01
      2.06000000e+03      -8.55729132e-01      -8.55729132e-01      -8.55729132e-01      -8.55729132e-01
      2.07000000e+03      -8.93014248e-01      -8.93014248e-01      -8.93014248e-01      -8.93014248e-01
      2.08000000e+03      -9.25594342e-01      -9.25594342e-01      -9.25594342e-01      -9.25594342e-01
      2.09000000e+03      -9.51388298e-01      -9.51388298e-01      -9.51388298e-01      -9.51388298e-01
      2.10000000e+03      -9.68008733e-01      -9.68008733e-01      -9.68008733e-01      -9.68008733e-01
      2.11000000e+03      -9.72900577e-01      -9.72900577e-01      -9.72900577e-01      -9.72900577e-01
      2.12000000e+03      -9.63515475e-01      -9.63515475e-01      -9.63515475e-01      -9.63515475e-01
      2.13000000e+03      -9.37520333e-01      -9.37520333e-01      -9.37520333e-01      -9.37520333e-01
      2.14000000e+03      -8.93013496e-01      -8.93013496e-01      -8.93013496e-01      -8.93013496e-01
      2.15000000e+03      -8.28735207e-01      -8.28735207e-01      -8.28735207e-01      -8.28735207e-01
      2.16000000e+03      -7.44249585e-01      -7.44249585e-01      -7.44249585e-01      -7.44249585e-01
      2.17000000e+03      -6.40079231e-01      -6.40079231e-01      -6.40079231e-01      -6.40079231e-01
      2.18000000e+03      -5.17780227e-01      -5.17780227e-01      -5.17780227e-01      -5.17780227e-01
      2.19000000e+03      -3.79948272e-01      -3.79948272e-01      -3.79948272e-01      -3.79948272e-01
      2.20000000e+03      -2.30154361e-01      -2.30154361e-01      -2.30154361e-01      -2.30154361e-01
      2.21000000e+03      -7.28149757e-02      -7.28149757e-02      -7.28149757e-02      -7.28149757e-02
      2.22000000e+03       8.69940690e-02       8.69940690e-02       8.69940690e-02       8.69940690e-02
      2.23000000e+03       2.43766681e-01       2.43766681e-01       2.43766681e-01       2.43766681e-01
      2.24000000e+03       3.91823713e-01       3.91823713e-01       3.91823713e-01       3.91823713e-01
      2.25000000e+03       5.25583218e-01       5.25583218e-01       5.25583218e-01       5.25583218e-01
      2.26000000e+03       6.39828744e-01       6.39828744e-01       6.39828744e-01       6.39828744e-01
      2.27000000e+03       7.29962305e-01       7.29962305e-01       7.29962305e-01       7.29962305e-01
      2.28000000e+03       7.92229560e-01       7.92229560e-01       7.92229560e-01       7.92229560e-01
      2.29000000e+03       8.23907685e-01       8.23907685e-01       8.23907685e-01       8.23907685e-01
      2.30000000e+03       8.23447137e-01       8.23447137e-01       8.23447137e-01       8.23447137e-01
      2.31000000e+03       7.90561652e-01       7.90561652e-01       7.90561652e-01       7.90561652e-01
      2.32000000e+03       7.26262806e-01       7.26262806e-01       7.26262806e-01       7.26262806e-01
      2.33000000e+03       6.32837518e-01       6.32837518e-01       6.32837518e-01       6.32837518e-01
      2.34000000e+03       5.13769739e-01       5.13769739e-01       5.13769739e-01       5.13769739e-01
      2.35000000e+03       3.73609812e-01       3.73609812e-01       3.73609812e-01       3.73609812e-01
      2.36000000e+03       2.17797030e-01       2.17797030e-01       2.17797030e-01       2.17797030e-01
      2.37000000e+03       5.24430815e-02       5.24430815e-02       5.24430815e-02       5.24430815e-02
      2.38000000e+03      -1.15914159e-01      -1.15914159e-01      -1.15914159e-01      -1.15914159e-01
      2.39000000e+03      -2.80576161e-01      -2.80576161e-01      -2.80576161e-01      -2.80576161e-01
      2.40000000e+03      -4.34957086e-01      -4.34957086e-01      -4.34957086e-01      -4.34957086e-01
      2.41000000e+03      -5.72853429e-01      -5.72853429e-01      -5.72853429e-01      -5.72853429e-01
      2.42000000e+03      -6.88698579e-01      -6.88698579e-01      -6.88698579e-01      -6.88698579e-01
      2.43000000e+03      -7.77791668e-01      -7.77791668e-01      -7.77791668e-01      -7.77791668e-01
      2.44000000e+03      -8.36491208e-01      -8.36491208e-01      -8.36491208e-01      -8.36491208e-01
      2.45000000e+03      -8.62365573e-01      -8.62365573e-01      -8.62365573e-01      -8.62365573e-01
      2.46000000e+03      -8.54294217e-01      -8.54294217e-01      -8.54294217e-01      -8.54294217e-01
      2.47000000e+03      -8.12515552e-01      -8.12515552e-01      -8.12515552e-01      -8.12515552e-01
      2.48000000e+03      -7.38619663e-01      -7.38619663e-01      -7.38619663e-01      -7.38619663e-01
      2.49000000e+03      -6.35486230e-01      -6.35486230e-01      -6.35486230e-01      -6.35486230e-01
      2.50000000e+03      -5.07170291e-01      -5.07170291e-01      -5.07170291e-01      -5.07170291e-01
      2.51000000e+03      -3.58740546e-01      -3.58740546e-01      -3.58740546e-01      -3.58740546e-01
      2.52000000e+03      -1.96076784e-01      -1.96076784e-01      -1.96076784e-01      -1.96076784e-01
      2.53000000e+03      -2.56346806e-02      -2.56346806e-02      -2.56346806e-02      -2.56346806e-02
      2.54000000e+03       1.45812576e-01       1.45812576e-01       1.45812576e-01       1.45812576e-01
      2.55000000e+03       3.11445396e-01       3.11445396e-01       3.11445396e-01       3.11445396e-01
      2.56000000e+03       4.64670766e-01       4.64670766e-01       4.64670766e-01       4.64670766e-01
      2.57000000e+03       5.99386148e-01       5.99386148e-01       5.99386148e-01       5.99386148e-01
      2.58000000e+03       7.10223733e-01       7.10223733e-01       7.10223733e-01       7.10223733e-01
      2.59000000e+03       7.92765292e-01       7.92765292e-01       7.92765292e-01       7.92765292e-01
      2.60000000e+03       8.43719048e-01       8.43719048e-01       8.43719048e-01       8.43719048e-01
      2.61000000e+03       8.61051501e-01       8.61051501e-01       8.61051501e-01       8.61051501e-01
      2.62000000e+03       8.44068976e-01       8.44068976e-01       8.44068976e-01       8.44068976e-01
      2.63000000e+03       7.93445639e-01       7.93445639e-01       7.93445639e-01       7.93445639e-01
      2.64000000e+03       7.11196881e-01       7.11196881e-01       7.11196881e-01       7.11196881e-01
      2.65000000e+03       6.00599146e-01       6.00599146e-01       6.00599146e-01       6.00599146e-01
      2.66000000e+03       4.66059416e-01       4.66059416e-01       4.66059416e-01       4.66059416e-01
      2.67000000e+03       3.12939570e-01       3.12939570e-01       3.12939570e-01       3.12939570e-01
      2.68000000e+03       1.47342631e-01       1.47342631e-01       1.47342631e-01       1.47342631e-01
      2.69000000e+03      -2.41305614e-02      -2.41305614e-02      -2.41305614e-02      -2.41305614e-02
      2.70000000e+03      -1.94644548e-01      -1.94644548e-01      -1.94644548e-01      -1.94644548e-01
      2.71000000e+03      -3.57401811e-01      -3.57401811e-01      -3.57401811e-01      -3.57401811e-01
      2.72000000e+03      -5.05913820e-01      -5.05913820e-01      -5.05913820e-01      -5.05913820e-01
      2.73000000e+03      -6.34259773e-01      -6.34259773e-01      -6.34259773e-01      -6.34259773e-01
      2.74000000e+03      -7.37322689e-01      -7.37322689e-01      -7.37322689e-01      -7.37322689e-01
      2.75000000e+03      -8.10993452e-01      -8.10993452e-01      -8.10993452e-01      -8.10993452e-01
      2.76000000e+03      -8.52334672e-01      -8.52334672e-01      -8.52334672e-01      -8.52334672e-01
      2.77000000e+03      -8.59697817e-01      -8.59697817e-01      -8.59697817e-01      -8.59697817e-01
      2.78000000e+03      -8.32788963e-01      -8.32788963e-01      -8.32788963e-01      -8.32788963e-01
      2.79000000e+03      -7.72680528e-01      -7.72680528e-01      -7.72680528e-01      -7.72680528e-01
      2.80000000e+03      -6.81768530e-01      -6.81768530e-01      -6.81768530e-01      -6.81768530e-01
      2.81000000e+03      -5.63677075e-01      -5.63677075e-01      -5.63677075e-01      -5.63677075e-01
      2.82000000e+03      -4.23113872e-01      -4.23113872e-01      -4.23113872e-01      -4.23113872e-01
      2.83000000e+03      -2.65682556e-01      -2.65682556e-01      -2.65682556e-01      -2.65682556e-01
      2.84000000e+03      -9.76592835e-02      -9.76592835e-02      -9.76592835e-02      -9.76592835e-02
      2.85000000e+03       7.42574825e-02       7.42574825e-02       7.42574825e-02       7.42574825e-02
      2.86000000e+03       2.43214024e-01       2.43214024e-01       2.43214024e-01       2.43214024e-01
      2.87000000e+03       4.02474612e-01       4.02474612e-01       4.02474612e-01       4.02474612e-01
      2.88000000e+03       5.45690039e-01       5.45690039e-01       5.45690039e-01       5.45690039e-01
      2.89000000e+03       6.67150755e-01       6.67150755e-01       6.67150755e-01       6.67150755e-01
      2.90000000e+03       7.62014487e-01       7.62014487e-01       7.62014487e-01       7.62014487e-01
      2.91000000e+03       8.26499294e-01       8.26499294e-01       8.26499294e-01       8.26499294e-01
      2.92000000e+03       8.58034343e-01       8.58034343e-01       8.58034343e-01       8.58034343e-01
      2.93000000e+03       8.55362400e-01       8.55362400e-01       8.55362400e-01       8.55362400e-01
      2.94000000e+03       8.18589960e-01       8.18589960e-01       8.18589960e-01       8.18589960e-01
      2.95000000e+03       7.49182996e-01       7.49182996e-01       7.49182996e-01       7.49182996e-01
      2.96000000e+03       6.49908522e-01       6.49908522e-01       6.49908522e-01       6.49908522e-01
      2.97000000e+03       5.24724278e-01       5.24724278e-01       5.24724278e-01       5.24724278e-01
      2.98000000e+03       3.78620949e-01       3.78620949e-01       3.78620949e-01       3.78620949e-01
      2.99000000e+03       2.17423200e-01       2.17423200e-01       2.17423200e-01       2.17423200e-01
      3.00000000e+03       4.75574679e-02       4.75574679e-02       4.75574679e-02       4.75574679e-02
      3.01000000e+03      -1.24204243e-01      -1.24204243e-01      -1.24204243e-01      -1.24204243e-01
      3.02000000e+03      -2.91014338e-01      -2.91014338e-01      -2.91014338e-01      -2.91014338e-01
      3.03000000e+03      -4.46222627e-01      -4.46222627e-01      -4.46222627e-01      -4.46222627e-01
      3.04000000e+03      -5.83641446e-01      -5.83641446e-01      -5.83641446e-01      -5.83641446e-01
      3.05000000e+03      -6.97792339e-01      -6.97792339e-01      -6.97792339e-01      -6.97792339e-01
      3.06000000e+03      -7.84124468e-01      -7.84124468e-01      -7.84124468e-01      -7.84124468e-01
      3.07000000e+03      -8.39196041e-01      -8.39196041e-01      -8.39196041e-01      -8.39196041e-01
      3.08000000e+03      -8.60811526e-01      -8.60811526e-01      -8.60811526e-01      -8.60811526e-01
      3.09000000e+03      -8.48109179e-01      -8.48109179e-01      -8.48109179e-01      -8.48109179e-01
      3.10000000e+03      -8.01595400e-01      -8.01595400e-01      -8.01595400e-01      -8.01595400e-01
      3.11000000e+03      -7.23124546e-01      -7.23124546e-01      -7.23124546e-01      -7.23124546e-01
      3.12000000e+03      -6.15824999e-01      -6.15824999e-01      -6.15824999e-01      -6.15824999e-01
      3.13000000e+03      -4.83974453e-01      -4.83974453e-01      -4.83974453e-01      -4.83974453e-01
      3.14000000e+03      -3.32829373e-01      -3.32829373e-01      -3.32829373e-01      -3.32829373e-01
      3.15000000e+03      -1.68415434e-01      -1.68415434e-01      -1.68415434e-01      -1.68415434e-01
      3.16000000e+03       2.71269709e-03       2.71269709e-03       2.71269709e-03       2.71269709e-03
      3.17000000e+03       1.73732683e-01       1.73732683e-01       1.73732683e-01       1.73732683e-01
      3.18000000e+03       3.37826496e-01       3.37826496e-01       3.37826496e-01       3.37826496e-01
      3.19000000e+03       4.88452233e-01       4.88452233e-01       4.88452233e-01       4.88452233e-01
      3.20000000e+03       6.19604921e-01       6.19604921e-01       6.19604921e-01       6.19604921e-01
      3.21000000e+03       7.26055915e-01       7.26055915e-01       7.26055915e-01       7.26055915e-01
      3.22000000e+03       8.03561350e-01       8.03561350e-01       8.03561350e-01       8.03561350e-01
      3.23000000e+03       8.49031328e-01       8.49031328e-01       8.49031328e-01       8.49031328e-01
      3.24000000e+03       8.60653105e-01       8.60653105e-01       8.60653105e-01       8.60653105e-01
      3.25000000e+03       8.37963356e-01       8.37963356e-01       8.37963356e-01       8.37963356e-01
      3.26000000e+03       7.81866650e-01       7.81866650e-01       7.81866650e-01       7.81866650e-01
      3.27000000e+03       6.94599387e-01       6.94599387e-01       6.94599387e-01       6.94599387e-01
      3.28000000e+03       5.79640635e-01       5.79640635e-01       5.79640635e-01       5.79640635e-01
      3.29000000e+03       4.41573439e-01       4.41573439e-01       4.41573439e-01       4.41573439e-01
      3.30000000e+03       2.85902102e-01       2.85902102e-01       2.85902102e-01       2.85902102e-01
      3.31000000e+03       1.18832749e-01       1.18832749e-01       1.18832749e-01       1.18832749e-01
      3.32000000e+03      -5.29740906e-02      -5.29740906e-02      -5.29740906e-02      -5.29740906e-02
      3.33000000e+03      -2.22669021e-01      -2.22669021e-01      -2.22669021e-01      -2.22669021e-01
      3.34000000e+03      -3.83486839e-01      -3.83486839e-01      -3.83486839e-01      -3.83486839e-01
      3.35000000e+03      -5.29016246e-01      -5.29016246e-01      -5.29016246e-01      -5.29016246e-01
      3.36000000e+03      -6.53455443e-01      -6.53455443e-01      -6.53455443e-01      -6.53455443e-01
      3.37000000e+03      -7.51843431e-01      -7.51843431e-01      -7.51843431e-01      -7.51843431e-01
      3.38000000e+03      -8.20257792e-01      -8.20257792e-01      -8.20257792e-01      -8.20257792e-01
      3.39000000e+03      -8.55971061e-01      -8.55971061e-01      -8.55971061e-01      -8.55971061e-01
      3.40000000e+03      -8.57559462e-01      -8.57559462e-01      -8.57559462e-01      -8.57559462e-01
      3.41000000e+03      -8.24959671e-01      -8.24959671e-01      -8.24959671e-01      -8.24959671e-01
      3.42000000e+03      -7.59471338e-01      -7.59471338e-01      -7.59471338e-01      -7.59471338e-01
      3.43000000e+03      -6.63705277e-01      -6.63705277e-01      -6.63705277e-01      -6.63705277e-01
      3.44000000e+03      -5.41479379e-01      -5.41479379e-01      -5.41479379e-01      -5.41479379e-01
      3.45000000e+03      -3.97666405e-01      -3.97666405e-01      -3.97666405e-01      -3.97666405e-01
      3.46000000e+03      -2.37999725e-01      -2.37999725e-01      -2.37999725e-01      -2.37999725e-01
      3.47000000e+03      -6.88447466e-02      -6.88447466e-02      -6.88447466e-02      -6.88447466e-02
      3.48000000e+03       1.03054855e-01       1.03054855e-01       1.03054855e-01       1.03054855e-01
      3.49000000e+03       2.70845985e-01       2.70845985e-01       2.70845985e-01       2.70845985e-01
      3.50000000e+03       4.27839338e-01       4.27839338e-01       4.27839338e-01       4.27839338e-01
      3.51000000e+03       5.67776087e-01       5.67776087e-01       5.67776087e-01       5.67776087e-01
      3.52000000e+03       6.85077392e-01       6.85077392e-01       6.85077392e-01       6.85077392e-01
      3.53000000e+03       7.75066822e-01       7.75066822e-01       7.75066822e-01       7.75066822e-01
      3.54000000e+03       8.34156780e-01       8.34156780e-01       8.34156780e-01       8.34156780e-01
      3.55000000e+03       8.59991538e-01       8.59991538e-01       8.59991538e-01       8.59991538e-01
      3.56000000e+03       8.51541143e-01       8.51541143e-01       8.51541143e-01       8.51541143e-01
      3.57000000e+03       8.09142488e-01       8.09142488e-01       8.09142488e-01       8.09142488e-01
      3.58000000e+03       7.34485873e-01       7.34485873e-01       7.34485873e-01       7.34485873e-01
      3.59000000e+03       6.30547621e-01       6.30547621e-01       6.30547621e-01       6.30547621e-01
      3.60000000e+03       5.01471423e-01       5.01471423e-01       5.01471423e-01       5.01471423e-01
      3.61000000e+03       3.52403140e-01       3.52403140e-01       3.52403140e-01       3.52403140e-01
      3.62000000e+03       1.89285655e-01       1.89285655e-01       1.89285655e-01       1.89285655e-01
      3.63000000e+03       1.86219481e-02       1.86219481e-02       1.86219481e-02       1.86219481e-02
      3.64000000e+03      -1.52784158e-01      -1.52784158e-01      -1.52784158e-01      -1.52784158e-01
      3.65000000e+03      -3.18099240e-01      -3.18099240e-01      -3.18099240e-01      -3.18099240e-01
      3.66000000e+03      -4.70732709e-01      -4.70732709e-01      -4.70732709e-01      -4.70732709e-01
      3.67000000e+03      -6.04599549e-01      -6.04599549e-01      -6.04599549e-01      -6.04599549e-01
      3.68000000e+03      -7.14362911e-01      -7.14362911e-01      -7.14362911e-01      -7.14362911e-01
      3.69000000e+03      -7.95646875e-01      -7.95646875e-01      -7.95646875e-01      -7.95646875e-01
      3.70000000e+03      -8.45210907e-01      -8.45210907e-01      -8.45210907e-01      -8.45210907e-01
      3.71000000e+03      -8.61079044e-01      -8.61079044e-01      -8.61079044e-01      -8.61079044e-01
      3.72000000e+03      -8.42618674e-01      -8.42618674e-01      -8.42618674e-01      -8.42618674e-01
      3.73000000e+03      -7.90565754e-01      -7.90565754e-01      -7.90565754e-01      -7.90565754e-01
      3.74000000e+03      -7.06995469e-01      -7.06995469e-01      -7.06995469e-01      -7.06995469e-01
      3.75000000e+03      -5.95239504e-01      -5.95239504e-01      -5.95239504e-01      -5.95239504e-01
      3.76000000e+03      -4.59753216e-01      -4.59753216e-01      -4.59753216e-01      -4.59753216e-01
      3.77000000e+03      -3.05938017e-01      -3.05938017e-01      -3.05938017e-01      -3.05938017e-01
      3.78000000e+03      -1.39926033e-01      -1.39926033e-01      -1.39926033e-01      -1.39926033e-01
      3.79000000e+03       3.16643601e-02       3.16643601e-02       3.16643601e-02       3.16643601e-02
      3.80000000e+03       2.01992395e-01       2.01992395e-01       2.01992395e-01       2.01992395e-01
      3.81000000e+03       3.64267630e-01       3.64267630e-01       3.64267630e-01       3.64267630e-01
      3.82000000e+03       5.12020664e-01       5.12020664e-01       5.12020664e-01       5.12020664e-01
      3.83000000e+03       6.39361047e-01       6.39361047e-01       6.39361047e-01       6.39361047e-01
      3.84000000e+03       7.41212121e-01       7.41212121e-01       7.41212121e-01       7.41212121e-01
      3.85000000e+03       8.13513404e-01       8.13513404e-01       8.13513404e-01       8.13513404e-01
      3.86000000e+03       8.53382472e-01       8.53382472e-01       8.53382472e-01       8.53382472e-01
      3.87000000e+03       8.59229871e-01       8.59229871e-01       8.59229871e-01       8.59229871e-01
      3.88000000e+03       8.30822484e-01       8.30822484e-01       8.30822484e-01       8.30822484e-01
      3.89000000e+03       7.69292824e-01       7.69292824e-01       7.69292824e-01       7.69292824e-01
      3.90000000e+03       6.77093884e-01       6.77093884e-01       6.77093884e-01       6.77093884e-01
      3.91000000e+03       5.57901345e-01       5.57901345e-01       5.57901345e-01       5.57901345e-01
      3.92000000e+03       4.16467038e-01       4.16467038e-01       4.16467038e-01       4.16467038e-01
      3.93000000e+03       2.58429503e-01       2.58429503e-01       2.58429503e-01       2.58429503e-01
      3.94000000e+03       9.00891986e-02       9.00891986e-02       9.00891986e-02       9.00891986e-02
      3.95000000e+03      -8.18426782e-02      -8.18426782e-02      -8.18426782e-02      -8.18426782e-02
      3.96000000e+03      -2.50511745e-01      -2.50511745e-01      -2.50511745e-01      -2.50511745e-01
      3.97000000e+03      -4.09193699e-01      -4.09193699e-01      -4.09193699e-01      -4.09193699e-01
      3.98000000e+03      -5.51562390e-01      -5.51562390e-01      -5.51562390e-01      -5.51562390e-01
      3.99000000e+03      -6.71942027e-01      -6.71942027e-01      -6.71942027e-01      -6.71942027e-01
      4.00000000e+03      -7.65533453e-01      -7.65533453e-01      -7.65533453e-01      -7.65533453e-01
      4.01000000e+03      -8.28605474e-01      -8.28605474e-01      -8.28605474e-01      -8.28605474e-01
      4.02000000e+03      -8.58643607e-01      -8.58643607e-01      -8.58643607e-01      -8.58643607e-01
      4.03000000e+03      -8.54450326e-01      -8.54450326e-01      -8.54450326e-01      -8.54450326e-01
      4.04000000e+03      -8.16192804e-01      -8.16192804e-01      -8.16192804e-01      -8.16192804e-01
      4.05000000e+03      -7.45396248e-01      -7.45396248e-01      -7.45396248e-01      -7.45396248e-01
      4.06000000e+03      -6.44883093e-01      -6.44883093e-01      -6.44883093e-01      -6.44883093e-01
      4.07000000e+03      -5.18660483e-01      -5.18660483e-01      -5.18660483e-01      -5.18660483e-01
      4.08000000e+03      -3.71760513e-01      -3.71760513e-01      -3.71760513e-01      -3.71760513e-01
      4.09000000e+03      -2.10039624e-01      -2.10039624e-01      -2.10039624e-01      -2.10039624e-01
      4.10000000e+03      -3.99451178e-02      -3.99451178e-02      -3.99451178e-02      -3.99451178e-02
      4.11000000e+03       1.31741875e-01       1.31741875e-01       1.31741875e-01       1.31741875e-01
      4.12000000e+03       2.98176734e-01       2.98176734e-01       2.98176734e-01       2.98176734e-01
      4.13000000e+03       4.52724227e-01       4.52724227e-01       4.52724227e-01       4.52724227e-01
      4.14000000e+03       5.89223032e-01       5.89223032e-01       5.89223032e-01       5.89223032e-01
      4.15000000e+03       7.02231372e-01       7.02231372e-01       7.02231372e-01       7.02231372e-01
      4.16000000e+03       7.87243962e-01       7.87243962e-01       7.87243962e-01       7.87243962e-01
      4.17000000e+03       8.40871616e-01       8.40871616e-01       8.40871616e-01       8.40871616e-01
      4.18000000e+03       8.60976369e-01       8.60976369e-01       8.60976369e-01       8.60976369e-01
      4.19000000e+03       8.46756709e-01       8.46756709e-01       8.46756709e-01       8.46756709e-01
      4.20000000e+03       7.98779528e-01       7.98779528e-01       7.98779528e-01       7.98779528e-01
