      0.00000000e+00      -2.54303484e-01      -2.54303484e-01      -2.54303484e-01      -2.54303484e-01
      1.00000000e+01      -2.77319200e-01      -2.77319200e-01      -2.77319200e-01      -2.77319200e-01
      2.00000000e+01      -2.89279073e-01      -2.89279073e-01      -2.89279073e-01      -2.89279073e-01
      3.00000000e+01      -2.89706302e-01      -2.89706302e-01      -2.89706302e-01      -2.89706302e-01
      4.00000000e+01      -2.78583854e-01      -2.78583854e-01      -2.78583854e-01      -2.78583854e-01
      5.00000000e+01      -2.56355146e-01      -2.56355146e-01      -2.56355146e-01      -2.56355146e-01
      6.00000000e+01      -2.23906366e-01      -2.23906366e-01      -2.23906366e-01      -2.23906366e-01
      7.00000000e+01      -1.82531146e-01      -1.82531146e-01      -1.82531146e-01      -1.82531146e-01
      8.00000000e+01      -1.33878983e-01      -1.33878983e-01      -1.33878983e-01      -1.33878983e-01
      9.00000000e+01      -7.98894883e-02      -7.98894883e-02      -7.98894883e-02      -7.98894883e-02
      1.00000000e+02      -2.27150511e-02      -2.27150511e-02      -2.27150511e-02      -2.27150511e-02
      1.10000000e+02       3.53649636e-02       3.53649636e-02       3.53649636e-02       3.53649636e-02
      1.20000000e+02       9.20350887e-02       9.20350887e-02       9.20350887e-02       9.20350887e-02
      1.30000000e+02       1.45036065e-01       1.45036065e-01       1.45036065e-01       1.45036065e-01
      1.40000000e+02       1.92254910e-01       1.92254910e-01       1.92254910e-01       1.92254910e-01
      1.50000000e+02       2.31809159e-01       2.31809159e-01       2.31809159e-01       2.31809159e-01
      1.60000000e+02       2.62121907e-01       2.62121907e-01       2.62121907e-01       2.62121907e-01
      1.70000000e+02       2.81984680e-01       2.81984680e-01       2.81984680e-01       2.81984680e-01
      1.80000000e+02       2.90605614e-01       2.90605614e-01       2.90605614e-01       2.90605614e-01
      1.90000000e+02       2.87641018e-01       2.87641018e-01       2.87641018e-01       2.87641018e-01
      2.00000000e+02       2.73209081e-01       2.73209081e-01       2.73209081e-01       2.73209081e-01
      2.10000000e+02       2.47885159e-01       2.47885159e-01       2.47885159e-01       2.47885159e-01
      2.20000000e+02       2.12678838e-01       2.12678838e-01       2.12678838e-01       2.12678838e-01
      2.30000000e+02       1.68993681e-01       1.68993681e-01       1.68993681e-01       1.68993681e-01
      2.40000000e+02       1.18571280e-01       1.18571280e-01       1.18571280e-01       1.18571280e-01
      2.50000000e+02       6.34218148e-02       6.34218148e-02       6.34218148e-02       6.34218148e-02
      2.60000000e+02       5.74392214e-03       5.74392214e-03       5.74392214e-03       5.74392214e-03
      2.70000000e+02      -5.21629626e-02      -5.21629626e-02      -5.21629626e-02      -5.21629626e-02
      2.80000000e+02      -1.07990274e-01      -1.07990274e-01      -1.07990274e-01      -1.07990274e-01
      2.90000000e+02      -1.59512354e-01      -1.59512354e-01      -1.59512354e-01      -1.59512354e-01
      3.00000000e+02      -2.04675180e-01      -2.04675180e-01      -2.04675180e-01      -2.04675180e-01
      3.10000000e+02      -2.41678251e-01      -2.41678251e-01      -2.41678251e-01      -2.41678251e-01
      3.20000000e+02      -2.69046372e-01      -2.69046372e-01      -2.69046372e-01      -2.69046372e-01
      3.30000000e+02      -2.85688462e-01      -2.85688462e-01      -2.85688462e-01      -2.85688462e-01
      3.40000000e+02      -2.90941054e-01      -2.90941054e-01      -2.90941054e-01      -2.90941054e-01
      3.50000000e+02      -2.84594743e-01      -2.84594743e-01      -2.84594743e-01      -2.84594743e-01
      3.60000000e+02      -2.66902537e-01      -2.66902537e-01      -2.66902537e-01      -2.66902537e-01
      3.70000000e+02      -2.38569769e-01      -2.38569769e-01      -2.38569769e-01      -2.38569769e-01
      3.80000000e+02      -2.00725975e-01      -2.00725975e-01      -2.00725975e-01      -2.00725975e-01
      3.90000000e+02      -1.54879870e-01      -1.54879870e-01      -1.54879870e-01      -1.54879870e-01
      4.00000000e+02      -1.02859193e-01      -1.02859193e-01      -1.02859193e-01      -1.02859193e-01
      4.10000000e+02      -4.67378434e-02      -4.67378434e-02      -4.67378434e-02      -4.67378434e-02
      4.20000000e+02       1.12467962e-02       1.12467962e-02       1.12467962e-02       1.12467962e-02
      4.30000000e+02       6.87830616e-02       6.87830616e-02       6.87830616e-02       6.87830616e-02
      4.40000000e+02       1.23577163e-01       1.23577163e-01       1.23577163e-01       1.23577163e-01
      4.50000000e+02       1.73444633e-01       1.73444633e-01       1.73444633e-01       1.73444633e-01
      4.60000000e+02       2.16397412e-01       2.16397412e-01       2.16397412e-01       2.16397412e-01
      4.70000000e+02       2.50723108e-01       2.50723108e-01       2.50723108e-01       2.50723108e-01
      4.80000000e+02       2.75053264e-01       2.75053264e-01       2.75053264e-01       2.75053264e-01
      4.90000000e+02       2.88417914e-01       2.88417914e-01       2.88417914e-01       2.88417914e-01
      5.00000000e+02       2.90284250e-01       2.90284250e-01       2.90284250e-01       2.90284250e-01
      5.10000000e+02       2.80577869e-01       2.80577869e-01       2.80577869e-01       2.80577869e-01
      5.20000000e+02       2.59685733e-01       2.59685733e-01       2.59685733e-01       2.59685733e-01
      5.30000000e+02       2.28440745e-01       2.28440745e-01       2.28440745e-01       2.28440745e-01
      5.40000000e+02       1.88088544e-01       1.88088544e-01       1.88088544e-01       1.88088544e-01
      5.50000000e+02       1.40237847e-01       1.40237847e-01       1.40237847e-01       1.40237847e-01
      5.60000000e+02       8.67963082e-02       8.67963082e-02       8.67963082e-02       8.67963082e-02
      5.70000000e+02       2.98944744e-02       2.98944744e-02       2.98944744e-02       2.98944744e-02
      5.80000000e+02      -2.81991578e-02      -2.81991578e-02      -2.81991578e-02      -2.81991578e-02
      5.90000000e+02      -8.51685784e-02      -8.51685784e-02      -8.51685784e-02      -8.51685784e-02
      6.00000000e+02      -1.38742596e-01      -1.38742596e-01      -1.38742596e-01      -1.38742596e-01
      6.10000000e+02      -1.86785384e-01      -1.86785384e-01      -1.86785384e-01      -1.86785384e-01
      6.20000000e+02      -2.27381628e-01      -2.27381628e-01      -2.27381628e-01      -2.27381628e-01
      6.30000000e+02      -2.58912883e-01      -2.58912883e-01      -2.58912883e-01      -2.58912883e-01
      6.40000000e+02      -2.80122097e-01      -2.80122097e-01      -2.80122097e-01      -2.80122097e-01
      6.50000000e+02      -2.90163726e-01      -2.90163726e-01      -2.90163726e-01      -2.90163726e-01
      6.60000000e+02      -2.88637443e-01      -2.88637443e-01      -2.88637443e-01      -2.88637443e-01
      6.70000000e+02      -2.75604094e-01      -2.75604094e-01      -2.75604094e-01      -2.75604094e-01
      6.80000000e+02      -2.51583279e-01      -2.51583279e-01      -2.51583279e-01      -2.51583279e-01
      6.90000000e+02      -2.17532632e-01      -2.17532632e-01      -2.17532632e-01      -2.17532632e-01
      7.00000000e+02      -1.74809645e-01      -1.74809645e-01      -1.74809645e-01      -1.74809645e-01
      7.10000000e+02      -1.25117548e-01      -1.25117548e-01      -1.25117548e-01      -1.25117548e-01
      7.20000000e+02      -7.04374085e-02      -7.04374085e-02      -7.04374085e-02      -7.04374085e-02
      7.30000000e+02      -1.29491520e-02      -1.29491520e-02      -1.29491520e-02      -1.29491520e-02
      7.40000000e+02       4.50553464e-02       4.50553464e-02       4.50553464e-02       4.50553464e-02
      7.50000000e+02       1.01263630e-01       1.01263630e-01       1.01263630e-01       1.01263630e-01
      7.60000000e+02       1.53434852e-01       1.53434852e-01       1.53434852e-01       1.53434852e-01
      7.70000000e+02       1.99489110e-01       1.99489110e-01       1.99489110e-01       1.99489110e-01
      7.80000000e+02       2.37590367e-01       2.37590367e-01       2.37590367e-01       2.37590367e-01
      7.90000000e+02       2.66219644e-01       2.66219644e-01       2.66219644e-01       2.66219644e-01
      8.00000000e+02       2.84235583e-01       2.84235583e-01       2.84235583e-01       2.84235583e-01
      8.10000000e+02       2.90919946e-01       2.90919946e-01       2.90919946e-01       2.90919946e-01
      8.20000000e+02       2.86006248e-01       2.86006248e-01       2.86006248e-01       2.86006248e-01
      8.30000000e+02       2.69690383e-01       2.69690383e-01       2.69690383e-01       2.69690383e-01
      8.40000000e+02       2.42622812e-01       2.42622812e-01       2.42622812e-01       2.42622812e-01
      8.50000000e+02       2.05882635e-01       2.05882635e-01       2.05882635e-01       2.05882635e-01
      8.60000000e+02       1.60934567e-01       1.60934567e-01       1.60934567e-01       1.60934567e-01
      8.70000000e+02       1.09570545e-01       1.09570545e-01       1.09570545e-01       1.09570545e-01
      8.80000000e+02       5.38382910e-02       5.38382910e-02       5.38382910e-02       5.38382910e-02
      8.90000000e+02      -4.04032545e-03      -4.04032545e-03      -4.04032545e-03      -4.04032545e-03
      9.00000000e+02      -6.17578667e-02      -6.17578667e-02      -6.17578667e-02      -6.17578667e-02
      9.10000000e+02      -1.17013316e-01      -1.17013316e-01      -1.17013316e-01      -1.17013316e-01
      9.20000000e+02      -1.67603814e-01      -1.67603814e-01      -1.67603814e-01      -1.67603814e-01
      9.30000000e+02      -2.11512476e-01      -2.11512476e-01      -2.11512476e-01      -2.11512476e-01
      9.40000000e+02      -2.46988803e-01      -2.46988803e-01      -2.46988803e-01      -2.46988803e-01
      9.50000000e+02      -2.72618466e-01      -2.72618466e-01      -2.72618466e-01      -2.72618466e-01
      9.60000000e+02      -2.87379691e-01      -2.87379691e-01      -2.87379691e-01      -2.87379691e-01
      9.70000000e+02      -2.90683995e-01      -2.90683995e-01      -2.90683995e-01      -2.90683995e-01
      9.80000000e+02      -2.82399647e-01      -2.82399647e-01      -2.82399647e-01      -2.82399647e-01
      9.90000000e+02      -2.62856918e-01      -2.62856918e-01      -2.62856918e-01      -2.62856918e-01
      1.00000000e+03      -2.32834915e-01      -2.32834915e-01      -2.32834915e-01      -2.32834915e-01
      1.01000000e+03      -1.93530522e-01      -1.93530522e-01      -1.93530522e-01      -1.93530522e-01
      1.02000000e+03      -1.46510680e-01      -1.46510680e-01      -1.46510680e-01      -1.46510680e-01
      1.03000000e+03      -9.36499235e-02      -9.36499235e-02      -9.36499235e-02      -9.36499235e-02
      1.04000000e+03      -3.70556433e-02      -3.70556433e-02      -3.70556433e-02      -3.70556433e-02
      1.05000000e+03       2.10159254e-02       2.10159254e-02       2.10159254e-02       2.10159254e-02
      1.06000000e+03       7.82496530e-02       7.82496530e-02       7.82496530e-02       7.82496530e-02
      1.07000000e+03       1.32363813e-01       1.32363813e-01       1.32363813e-01       1.32363813e-01
      1.08000000e+03       1.81201045e-01       1.81201045e-01       1.81201045e-01       1.81201045e-01
      1.09000000e+03       2.22814367e-01       2.22814367e-01       2.22814367e-01       2.22814367e-01
      1.10000000e+03       2.55544790e-01       2.55544790e-01       2.55544790e-01       2.55544790e-01
      1.11000000e+03       2.78087459e-01       2.78087459e-01       2.78087459e-01       2.78087459e-01
      1.12000000e+03       2.89543673e-01       2.89543673e-01       2.89543673e-01       2.89543673e-01
      1.13000000e+03       2.89456716e-01       2.89456716e-01       2.89456716e-01       2.89456716e-01
      1.14000000e+03       2.77830059e-01       2.77830059e-01       2.77830059e-01       2.77830059e-01
      1.15000000e+03       2.55127227e-01       2.55127227e-01       2.55127227e-01       2.55127227e-01
      1.16000000e+03       2.22253315e-01       2.22253315e-01       2.22253315e-01       2.22253315e-01
      1.17000000e+03       1.80518907e-01       1.80518907e-01       1.80518907e-01       1.80518907e-01
      1.18000000e+03       1.31587825e-01       1.31587825e-01       1.31587825e-01       1.31587825e-01
      1.19000000e+03       7.74107971e-02       7.74107971e-02       7.74107971e-02       7.74107971e-02
      1.20000000e+03       2.01476880e-02       2.01476880e-02       2.01476880e-02       2.01476880e-02
      1.21000000e+03      -3.79186111e-02      -3.79186111e-02      -3.79186111e-02      -3.79186111e-02
      1.22000000e+03      -9.44731942e-02      -9.44731942e-02      -9.44731942e-02      -9.44731942e-02
      1.23000000e+03      -1.47261430e-01      -1.47261430e-01      -1.47261430e-01      -1.47261430e-01
      1.24000000e+03      -1.94178847e-01      -1.94178847e-01      -1.94178847e-01      -1.94178847e-01
      1.25000000e+03      -2.33355036e-01      -2.33355036e-01      -2.33355036e-01      -2.33355036e-01
      1.26000000e+03      -2.63228217e-01      -2.63228217e-01      -2.63228217e-01      -2.63228217e-01
      1.27000000e+03      -2.82607502e-01      -2.82607502e-01      -2.82607502e-01      -2.82607502e-01
      1.28000000e+03      -2.90720373e-01      -2.90720373e-01      -2.90720373e-01      -2.90720373e-01
      1.29000000e+03      -2.87243481e-01      -2.87243481e-01      -2.87243481e-01      -2.87243481e-01
      1.30000000e+03      -2.72315533e-01      -2.72315533e-01      -2.72315533e-01      -2.72315533e-01
      1.31000000e+03      -2.46531763e-01      -2.46531763e-01      -2.46531763e-01      -2.46531763e-01
      1.32000000e+03      -2.10920196e-01      -2.10920196e-01      -2.10920196e-01      -2.10920196e-01
      1.33000000e+03      -1.66900665e-01      -1.66900665e-01      -1.66900665e-01      -1.66900665e-01
      1.34000000e+03      -1.16228197e-01      -1.16228197e-01      -1.16228197e-01      -1.16228197e-01
      1.35000000e+03      -6.09230489e-02      -6.09230489e-02      -6.09230489e-02      -6.09230489e-02
      1.36000000e+03      -3.19015524e-03      -3.19015524e-03      -3.19015524e-03      -3.19015524e-03
      1.37000000e+03       5.46687723e-02       5.46687723e-02       5.46687723e-02       5.46687723e-02
      1.38000000e+03       1.10347009e-01       1.10347009e-01       1.10347009e-01       1.10347009e-01
      1.39000000e+03       1.61624771e-01       1.61624771e-01       1.61624771e-01       1.61624771e-01
      1.40000000e+03       2.06457707e-01       2.06457707e-01       2.06457707e-01       2.06457707e-01
      1.41000000e+03       2.43058369e-01       2.43058369e-01       2.43058369e-01       2.43058369e-01
      1.42000000e+03       2.69967452e-01       2.69967452e-01       2.69967452e-01       2.69967452e-01
      1.43000000e+03       2.86111914e-01       2.86111914e-01       2.86111914e-01       2.86111914e-01
      1.44000000e+03       2.90847697e-01       2.90847697e-01       2.90847697e-01       2.90847697e-01
      1.45000000e+03       2.83985306e-01       2.83985306e-01       2.83985306e-01       2.83985306e-01
      1.46000000e+03       2.65797249e-01       2.65797249e-01       2.65797249e-01       2.65797249e-01
      1.47000000e+03       2.37007020e-01       2.37007020e-01       2.37007020e-01       2.37007020e-01
      1.48000000e+03       1.98760067e-01       1.98760067e-01       1.98760067e-01       1.98760067e-01
      1.49000000e+03       1.52577902e-01       1.52577902e-01       1.52577902e-01       1.52577902e-01
      1.50000000e+03       1.00297168e-01       1.00297168e-01       1.00297168e-01       1.00297168e-01
      1.51000000e+03       4.39961096e-02       4.39961096e-02       4.39961096e-02       4.39961096e-02
      1.52000000e+03      -1.40886343e-02      -1.40886343e-02      -1.40886343e-02      -1.40886343e-02
      1.53000000e+03      -7.16515867e-02      -7.16515867e-02      -7.16515867e-02      -7.16515867e-02
      1.54000000e+03      -1.26410757e-01      -1.26410757e-01      -1.26410757e-01      -1.26410757e-01
      1.55000000e+03      -1.76199044e-01      -1.76199044e-01      -1.76199044e-01      -1.76199044e-01
      1.56000000e+03      -2.19051048e-01      -2.19051048e-01      -2.19051048e-01      -2.19051048e-01
      1.57000000e+03      -2.53281812e-01      -2.53281812e-01      -2.53281812e-01      -2.53281812e-01
      1.58000000e+03      -2.77554326e-01      -2.77554326e-01      -2.77554326e-01      -2.77554326e-01
      1.59000000e+03      -2.90933050e-01      -2.90933050e-01      -2.90933050e-01      -2.90933050e-01
      1.60000000e+03      -2.92921310e-01      -2.92921310e-01      -2.92921310e-01      -2.92921310e-01
      1.61000000e+03      -2.83481008e-01      -2.83481008e-01      -2.83481008e-01      -2.83481008e-01
      1.62000000e+03      -2.63033850e-01      -2.63033850e-01      -2.63033850e-01      -2.63033850e-01
      1.63000000e+03      -2.32443945e-01      -2.32443945e-01      -2.32443945e-01      -2.32443945e-01
      1.64000000e+03      -1.92982572e-01      -1.92982572e-01      -1.92982572e-01      -1.92982572e-01
      1.65000000e+03      -1.46276348e-01      -1.46276348e-01      -1.46276348e-01      -1.46276348e-01
      1.66000000e+03      -9.42409708e-02      -9.42409708e-02      -9.42409708e-02      -9.42409708e-02
      1.67000000e+03      -3.90032933e-02      -3.90032933e-02      -3.90032933e-02      -3.90032933e-02
      1.68000000e+03       1.71853062e-02       1.71853062e-02       1.71853062e-02       1.71853062e-02
      1.69000000e+03       7.20405261e-02       7.20405261e-02       7.20405261e-02       7.20405261e-02
      1.70000000e+03       1.23337820e-01       1.23337820e-01       1.23337820e-01       1.23337820e-01
      1.71000000e+03       1.69002600e-01       1.69002600e-01       1.69002600e-01       1.69002600e-01
      1.72000000e+03       2.07194117e-01       2.07194117e-01       2.07194117e-01       2.07194117e-01
      1.73000000e+03       2.36378510e-01       2.36378510e-01       2.36378510e-01       2.36378510e-01
      1.74000000e+03       2.55390149e-01       2.55390149e-01       2.55390149e-01       2.55390149e-01
      1.75000000e+03       2.63475865e-01       2.63475865e-01       2.63475865e-01       2.63475865e-01
      1.76000000e+03       2.60322140e-01       2.60322140e-01       2.60322140e-01       2.60322140e-01
      1.77000000e+03       2.46063812e-01       2.46063812e-01       2.46063812e-01       2.46063812e-01
      1.78000000e+03       2.21272355e-01       2.21272355e-01       2.21272355e-01       2.21272355e-01
      1.79000000e+03       1.86926295e-01       1.86926295e-01       1.86926295e-01       1.86926295e-01
      1.80000000e+03       1.44362808e-01       1.44362808e-01       1.44362808e-01       1.44362808e-01
      1.81000000e+03       9.52144857e-02       9.52144857e-02       9.52144857e-02       9.52144857e-02
      1.82000000e+03       4.13316184e-02       4.13316184e-02       4.13316184e-02       4.13316184e-02
      1.83000000e+03      -1.53032481e-02      -1.53032481e-02      -1.53032481e-02      -1.53032481e-02
      1.84000000e+03      -7.26739025e-02      -7.26739025e-02      -7.26739025e-02      -7.26739025e-02
      1.85000000e+03      -1.28818386e-01      -1.28818386e-01      -1.28818386e-01      -1.28818386e-01
      1.86000000e+03      -1.81933032e-01      -1.81933032e-01      -1.81933032e-01      -1.81933032e-01
      1.87000000e+03      -2.30457626e-01      -2.30457626e-01      -2.30457626e-01      -2.30457626e-01
      1.88000000e+03      -2.73148293e-01      -2.73148293e-01      -2.73148293e-01      -2.73148293e-01
      1.89000000e+03      -3.09146128e-01      -3.09146128e-01      -3.09146128e-01      -3.09146128e-01
      1.90000000e+03      -3.38012441e-01      -3.38012441e-01      -3.38012441e-01      -3.38012441e-01
      1.91000000e+03      -3.59757686e-01      -3.59757686e-01      -3.59757686e-01      -3.59757686e-01
      1.92000000e+03      -3.74828694e-01      -3.74828694e-01      -3.74828694e-01      -3.74828694e-01
      1.93000000e+03      -3.84081206e-01      -3.84081206e-01      -3.84081206e-01      -3.84081206e-01
      1.94000000e+03      -3.88764470e-01      -3.88764470e-01      -3.88764470e-01      -3.88764470e-01
      1.95000000e+03      -3.90338389e-01      -3.90338389e-01      -3.90338389e-01      -3.90338389e-01
      1.96000000e+03      -3.90452639e-01      -3.90452639e-01      -3.90452639e-01      -3.90452639e-01
      1.97000000e+03      -3.90794838e-01      -3.90794838e-01      -3.90794838e-01      -3.90794838e-01
      1.98000000e+03      -3.92804762e-01      -3.92804762e-01      -3.92804762e-01      -3.92804762e-01
      1.99000000e+03      -3.97565810e-01      -3.97565810e-01      -3.97565810e-01      -3.97565810e-01
      2.00000000e+03      -4.05275684e-01      -4.05275684e-01      -4.05275684e-01      -4.05275684e-01
      2.01000000e+03      -4.15051169e-01      -4.15051169e-01      -4.15051169e-01      -4.15051169e-01
      2.02000000e+03      -4.24578130e-01      -4.24578130e-01      -4.24578130e-01      -4.24578130e-01
      2.03000000e+03      -4.29991303e-01      -4.29991303e-01      -4.29991303e-01      -4.29991303e-01
      2.04000000e+03      -4.26739538e-01      -4.26739538e-01      -4.26739538e-01      -4.26739538e-01
      2.05000000e+03      -4.10605106e-01      -4.10605106e-01      -4.10605106e-01      -4.10605106e-01
      2.06000000e+03      -3.78661207e-01      -3.78661207e-01      -3.78661207e-01      -3.78661207e-01
      2.07000000e+03      -3.29768278e-01      -3.29768278e-01      -3.29768278e-01      -3.29768278e-01
      2.08000000e+03      -2.64397722e-01      -2.64397722e-01      -2.64397722e-01      -2.64397722e-01
      2.09000000e+03      -1.83969103e-01      -1.83969103e-01      -1.83969103e-01      -1.83969103e-01
      2.10000000e+03      -9.03818904e-02      -9.03818904e-02      -9.03818904e-02      -9.03818904e-02
      2.11000000e+03       1.40709061e-02       1.40709061e-02       1.40709061e-02       1.40709061e-02
      2.12000000e+03       1.26760755e-01       1.26760755e-01       1.26760755e-01       1.26760755e-01
      2.13000000e+03       2.44607067e-01       2.44607067e-01       2.44607067e-01       2.44607067e-01
      2.14000000e+03       3.64055962e-01       3.64055962e-01       3.64055962e-01       3.64055962e-01
      2.15000000e+03       4.81103123e-01       4.81103123e-01       4.81103123e-01       4.81103123e-01
      2.16000000e+03       5.91400055e-01       5.91400055e-01       5.91400055e-01       5.91400055e-01
      2.17000000e+03       6.90441284e-01       6.90441284e-01       6.90441284e-01       6.90441284e-01
      2.18000000e+03       7.73782498e-01       7.73782498e-01       7.73782498e-01       7.73782498e-01
      2.19000000e+03       8.37282135e-01       8.37282135e-01       8.37282135e-01       8.37282135e-01
      2.20000000e+03       8.77359147e-01       8.77359147e-01       8.77359147e-01       8.77359147e-01
      2.21000000e+03       8.91215531e-01       8.91215531e-01       8.91215531e-01       8.91215531e-01
      2.22000000e+03       8.77028909e-01       8.77028909e-01       8.77028909e-01       8.77028909e-01
      2.23000000e+03       8.34093300e-01       8.34093300e-01       8.34093300e-01       8.34093300e-01
      2.24000000e+03       7.62901714e-01       7.62901714e-01       7.62901714e-01       7.62901714e-01
      2.25000000e+03       6.65166883e-01       6.65166883e-01       6.65166883e-01       6.65166883e-01
      2.26000000e+03       5.43776835e-01       5.43776835e-01       5.43776835e-01       5.43776835e-01
      2.27000000e+03       4.02696103e-01       4.02696103e-01       4.02696103e-01       4.02696103e-01
      2.28000000e+03       2.46815475e-01       2.46815475e-01       2.46815475e-01       2.46815475e-01
      2.29000000e+03       8.17541313e-02       8.17541313e-02       8.17541313e-02       8.17541313e-02
      2.30000000e+03      -8.63698064e-02      -8.63698064e-02      -8.63698064e-02      -8.63698064e-02
      2.31000000e+03      -2.51192290e-01      -2.51192290e-01      -2.51192290e-01      -2.51192290e-01
      2.32000000e+03      -4.06372115e-01      -4.06372115e-01      -4.06372115e-01      -4.06372115e-01
      2.33000000e+03      -5.45856979e-01      -5.45856979e-01      -5.45856979e-01      -5.45856979e-01
      2.34000000e+03      -6.64142011e-01      -6.64142011e-01      -6.64142011e-01      -6.64142011e-01
      2.35000000e+03      -7.56505007e-01      -7.56505007e-01      -7.56505007e-01      -7.56505007e-01
      2.36000000e+03      -8.19210895e-01      -8.19210895e-01      -8.19210895e-01      -8.19210895e-01
      2.37000000e+03      -8.49675671e-01      -8.49675671e-01      -8.49675671e-01      -8.49675671e-01
      2.38000000e+03      -8.46582563e-01      -8.46582563e-01      -8.46582563e-01      -8.46582563e-01
      2.39000000e+03      -8.09945998e-01      -8.09945998e-01      -8.09945998e-01      -8.09945998e-01
      2.40000000e+03      -7.41120120e-01      -7.41120120e-01      -7.41120120e-01      -7.41120120e-01
      2.41000000e+03      -6.42751530e-01      -6.42751530e-01      -6.42751530e-01      -6.42751530e-01
      2.42000000e+03      -5.18678356e-01      -5.18678356e-01      -5.18678356e-01      -5.18678356e-01
      2.43000000e+03      -3.73779895e-01      -3.73779895e-01      -3.73779895e-01      -3.73779895e-01
      2.44000000e+03      -2.13782852e-01      -2.13782852e-01      -2.13782852e-01      -2.13782852e-01
      2.45000000e+03      -4.50326721e-02      -4.50326721e-02      -4.50326721e-02      -4.50326721e-02
      2.46000000e+03       1.25760918e-01       1.25760918e-01       1.25760918e-01       1.25760918e-01
      2.47000000e+03       2.91793510e-01       2.91793510e-01       2.91793510e-01       2.91793510e-01
      2.48000000e+03       4.46439695e-01       4.46439695e-01       4.46439695e-01       4.46439695e-01
      2.49000000e+03       5.83519746e-01       5.83519746e-01       5.83519746e-01       5.83519746e-01
      2.50000000e+03       6.97548413e-01       6.97548413e-01       6.97548413e-01       6.97548413e-01
      2.51000000e+03       7.83955810e-01       7.83955810e-01       7.83955810e-01       7.83955810e-01
      2.52000000e+03       8.39271494e-01       8.39271494e-01       8.39271494e-01       8.39271494e-01
      2.53000000e+03       8.61264373e-01       8.61264373e-01       8.61264373e-01       8.61264373e-01
      2.54000000e+03       8.49032836e-01       8.49032836e-01       8.49032836e-01       8.49032836e-01
      2.55000000e+03       8.03041563e-01       8.03041563e-01       8.03041563e-01       8.03041563e-01
      2.56000000e+03       7.25103549e-01       7.25103549e-01       7.25103549e-01       7.25103549e-01
      2.57000000e+03       6.18308129e-01       6.18308129e-01       6.18308129e-01       6.18308129e-01
      2.58000000e+03       4.86897913e-01       4.86897913e-01       4.86897913e-01       4.86897913e-01
      2.59000000e+03       3.36099580e-01       3.36099580e-01       3.36099580e-01       3.36099580e-01
      2.60000000e+03       1.71915322e-01       1.71915322e-01       1.71915322e-01       1.71915322e-01
      2.61000000e+03       8.83303560e-04       8.83303560e-04       8.83303560e-04       8.83303560e-04
      2.62000000e+03      -1.70183299e-01      -1.70183299e-01      -1.70183299e-01      -1.70183299e-01
      2.63000000e+03      -3.34468234e-01      -3.34468234e-01      -3.34468234e-01      -3.34468234e-01
      2.64000000e+03      -4.85424233e-01      -4.85424233e-01      -4.85424233e-01      -4.85424233e-01
      2.65000000e+03      -6.17034325e-01      -6.17034325e-01      -6.17034325e-01      -6.17034325e-01
      2.66000000e+03      -7.24051981e-01      -7.24051981e-01      -7.24051981e-01      -7.24051981e-01
      2.67000000e+03      -8.02210509e-01      -8.02210509e-01      -8.02210509e-01      -8.02210509e-01
      2.68000000e+03      -8.48393355e-01      -8.48393355e-01      -8.48393355e-01      -8.48393355e-01
      2.69000000e+03      -8.60758503e-01      -8.60758503e-01      -8.60758503e-01      -8.60758503e-01
      2.70000000e+03      -8.38812041e-01      -8.38812041e-01      -8.38812041e-01      -8.38812041e-01
      2.71000000e+03      -7.83427942e-01      -7.83427942e-01      -7.83427942e-01      -7.83427942e-01
      2.72000000e+03      -6.96813288e-01      -6.96813288e-01      -6.96813288e-01      -6.96813288e-01
      2.73000000e+03      -5.82420323e-01      -5.82420323e-01      -5.82420323e-01      -5.82420323e-01
      2.74000000e+03      -4.44808849e-01      -4.44808849e-01      -4.44808849e-01      -4.44808849e-01
      2.75000000e+03      -2.89464446e-01      -2.89464446e-01      -2.89464446e-01      -2.89464446e-01
      2.76000000e+03      -1.22579783e-01      -1.22579783e-01      -1.22579783e-01      -1.22579783e-01
      2.77000000e+03       4.91922796e-02       4.91922796e-02       4.91922796e-02       4.91922796e-02
      2.78000000e+03       2.19003927e-01       2.19003927e-01       2.19003927e-01       2.19003927e-01
      2.79000000e+03       3.80085410e-01       3.80085410e-01       3.80085410e-01       3.80085410e-01
      2.80000000e+03       5.26014954e-01       5.26014954e-01       5.26014954e-01       5.26014954e-01
      2.81000000e+03       6.50974785e-01       6.50974785e-01       6.50974785e-01       6.50974785e-01
      2.82000000e+03       7.49983089e-01       7.49983089e-01       7.49983089e-01       7.49983089e-01
      2.83000000e+03       8.19092631e-01       8.19092631e-01       8.19092631e-01       8.19092631e-01
      2.84000000e+03       8.55548128e-01       8.55548128e-01       8.55548128e-01       8.55548128e-01
      2.85000000e+03       8.57896110e-01       8.57896110e-01       8.57896110e-01       8.57896110e-01
      2.86000000e+03       8.26042866e-01       8.26042866e-01       8.26042866e-01       8.26042866e-01
      2.87000000e+03       7.61258187e-01       7.61258187e-01       7.61258187e-01       7.61258187e-01
      2.88000000e+03       6.66124749e-01       6.66124749e-01       6.66124749e-01       6.66124749e-01
      2.89000000e+03       5.44435147e-01       5.44435147e-01       5.44435147e-01       5.44435147e-01
      2.90000000e+03       4.01040702e-01       4.01040702e-01       4.01040702e-01       4.01040702e-01
      2.91000000e+03       2.41658050e-01       2.41658050e-01       2.41658050e-01       2.41658050e-01
      2.92000000e+03       7.26412386e-02       7.26412386e-02       7.26412386e-02       7.26412386e-02
      2.93000000e+03      -9.92715893e-02      -9.92715893e-02      -9.92715893e-02      -9.92715893e-02
      2.94000000e+03      -2.67226828e-01      -2.67226828e-01      -2.67226828e-01      -2.67226828e-01
      2.95000000e+03      -4.24528639e-01      -4.24528639e-01      -4.24528639e-01      -4.24528639e-01
      2.96000000e+03      -5.64905899e-01      -5.64905899e-01      -5.64905899e-01      -5.64905899e-01
      2.97000000e+03      -6.82762206e-01      -6.82762206e-01      -6.82762206e-01      -6.82762206e-01
      2.98000000e+03      -7.73398997e-01      -7.73398997e-01      -7.73398997e-01      -7.73398997e-01
      2.99000000e+03      -8.33202861e-01      -8.33202861e-01      -8.33202861e-01      -8.33202861e-01
      3.00000000e+03      -8.59789599e-01      -8.59789599e-01      -8.59789599e-01      -8.59789599e-01
      3.01000000e+03      -8.52099272e-01      -8.52099272e-01      -8.52099272e-01      -8.52099272e-01
      3.02000000e+03      -8.10438463e-01      -8.10438463e-01      -8.10438463e-01      -8.10438463e-01
      3.03000000e+03      -7.36468047e-01      -7.36468047e-01      -7.36468047e-01      -7.36468047e-01
      3.04000000e+03      -6.33136987e-01      -6.33136987e-01      -6.33136987e-01      -6.33136987e-01
      3.05000000e+03      -5.04564760e-01      -5.04564760e-01      -5.04564760e-01      -5.04564760e-01
      3.06000000e+03      -3.55877131e-01      -3.55877131e-01      -3.55877131e-01      -3.55877131e-01
      3.07000000e+03      -1.93001803e-01      -1.93001803e-01      -1.93001803e-01      -1.93001803e-01
      3.08000000e+03      -2.24321001e-02      -2.24321001e-02      -2.24321001e-02      -2.24321001e-02
      3.09000000e+03       1.49031904e-01       1.49031904e-01       1.49031904e-01       1.49031904e-01
      3.10000000e+03       3.14554480e-01       3.14554480e-01       3.14554480e-01       3.14554480e-01
      3.11000000e+03       4.67536767e-01       4.67536767e-01       4.67536767e-01       4.67536767e-01
      3.12000000e+03       6.01879841e-01       6.01879841e-01       6.01879841e-01       6.01879841e-01
      3.13000000e+03       7.12227869e-01       7.12227869e-01       7.12227869e-01       7.12227869e-01
      3.14000000e+03       7.94181622e-01       7.94181622e-01       7.94181622e-01       7.94181622e-01
      3.15000000e+03       8.44473861e-01       8.44473861e-01       8.44473861e-01       8.44473861e-01
      3.16000000e+03       8.61099593e-01       8.61099593e-01       8.61099593e-01       8.61099593e-01
      3.17000000e+03       8.43396001e-01       8.43396001e-01       8.43396001e-01       8.43396001e-01
      3.18000000e+03       7.92068872e-01       7.92068872e-01       7.92068872e-01       7.92068872e-01
      3.19000000e+03       7.09164455e-01       7.09164455e-01       7.09164455e-01       7.09164455e-01
      3.20000000e+03       5.97987888e-01       5.97987888e-01       5.97987888e-01       5.97987888e-01
      3.21000000e+03       4.62971430e-01       4.62971430e-01       4.62971430e-01       4.62971430e-01
      3.22000000e+03       3.09497760e-01       3.09497760e-01       3.09497760e-01       3.09497760e-01
      3.23000000e+03       1.43685390e-01       1.43685390e-01       1.43685390e-01       1.43685390e-01
      3.24000000e+03      -2.78552634e-02      -2.78552634e-02      -2.78552634e-02      -2.78552634e-02
      3.25000000e+03      -1.98285416e-01      -1.98285416e-01      -1.98285416e-01      -1.98285416e-01
      3.26000000e+03      -3.60810554e-01      -3.60810554e-01      -3.60810554e-01      -3.60810554e-01
      3.27000000e+03      -5.08951313e-01      -5.08951313e-01      -5.08951313e-01      -5.08951313e-01
      3.28000000e+03      -6.36801788e-01      -6.36801788e-01      -6.36801788e-01      -6.36801788e-01
      3.29000000e+03      -7.39264984e-01      -7.39264984e-01      -7.39264984e-01      -7.39264984e-01
      3.30000000e+03      -8.12256016e-01      -8.12256016e-01      -8.12256016e-01      -8.12256016e-01
      3.31000000e+03      -8.52864961e-01      -8.52864961e-01      -8.52864961e-01      -8.52864961e-01
      3.32000000e+03      -8.59472869e-01      -8.59472869e-01      -8.59472869e-01      -8.59472869e-01
      3.33000000e+03      -8.31816303e-01      -8.31816303e-01      -8.31816303e-01      -8.31816303e-01
      3.34000000e+03      -7.70997844e-01      -7.70997844e-01      -7.70997844e-01      -7.70997844e-01
      3.35000000e+03      -6.79442131e-01      -6.79442131e-01      -6.79442131e-01      -6.79442131e-01
      3.36000000e+03      -5.60799203e-01      -5.60799203e-01      -5.60799203e-01      -5.60799203e-01
      3.37000000e+03      -4.19798978e-01      -4.19798978e-01      -4.19798978e-01      -4.19798978e-01
      3.38000000e+03      -2.62062691e-01      -2.62062691e-01      -2.62062691e-01      -2.62062691e-01
      3.39000000e+03      -9.38787905e-02      -9.38787905e-02      -9.38787905e-02      -9.38787905e-02
      3.40000000e+03       7.80477612e-02       7.80477612e-02       7.80477612e-02       7.80477612e-02
      3.41000000e+03       2.46862795e-01       2.46862795e-01       2.46862795e-01       2.46862795e-01
      3.42000000e+03       4.05836187e-01       4.05836187e-01       4.05836187e-01       4.05836187e-01
      3.43000000e+03       5.48630170e-01       5.48630170e-01       5.48630170e-01       5.48630170e-01
      3.44000000e+03       6.69551997e-01       6.69551997e-01       6.69551997e-01       6.69551997e-01
      3.45000000e+03       7.63780897e-01       7.63780897e-01       7.63780897e-01       7.63780897e-01
      3.46000000e+03       8.27560260e-01       8.27560260e-01       8.27560260e-01       8.27560260e-01
      3.47000000e+03       8.58347405e-01       8.58347405e-01       8.58347405e-01       8.58347405e-01
      3.48000000e+03       8.54914944e-01       8.54914944e-01       8.54914944e-01       8.54914944e-01
      3.49000000e+03       8.17399720e-01       8.17399720e-01       8.17399720e-01       8.17399720e-01
      3.50000000e+03       7.47297345e-01       7.47297345e-01       7.47297345e-01       7.47297345e-01
      3.51000000e+03       6.47402582e-01       6.47402582e-01       6.47402582e-01       6.47402582e-01
      3.52000000e+03       5.21697918e-01       5.21697918e-01       5.21697918e-01       5.21697918e-01
      3.53000000e+03       3.75194802e-01       3.75194802e-01       3.75194802e-01       3.75194802e-01
      3.54000000e+03       2.13733853e-01       2.13733853e-01       2.13733853e-01       2.13733853e-01
      3.55000000e+03       4.37520087e-02       4.37520087e-02       4.37520087e-02       4.37520087e-02
      3.56000000e+03      -1.27974090e-01      -1.27974090e-01      -1.27974090e-01      -1.27974090e-01
      3.57000000e+03      -2.94598266e-01      -2.94598266e-01      -2.94598266e-01      -2.94598266e-01
      3.58000000e+03      -4.49477737e-01      -4.49477737e-01      -4.49477737e-01      -4.49477737e-01
      3.59000000e+03      -5.86437948e-01      -5.86437948e-01      -5.86437948e-01      -5.86437948e-01
      3.60000000e+03      -7.00018726e-01      -7.00018726e-01      -7.00018726e-01      -7.00018726e-01
      3.61000000e+03      -7.85691965e-01      -7.85691965e-01      -7.85691965e-01      -7.85691965e-01
      3.62000000e+03      -8.40042141e-01      -8.40042141e-01      -8.40042141e-01      -8.40042141e-01
      3.63000000e+03      -8.60902486e-01      -8.60902486e-01      -8.60902486e-01      -8.60902486e-01
      3.64000000e+03      -8.47441363e-01      -8.47441363e-01      -8.47441363e-01      -8.47441363e-01
      3.65000000e+03      -8.00195423e-01      -8.00195423e-01      -8.00195423e-01      -8.00195423e-01
      3.66000000e+03      -7.21048215e-01      -7.21048215e-01      -7.21048215e-01      -7.21048215e-01
      3.67000000e+03      -6.13155088e-01      -6.13155088e-01      -6.13155088e-01      -6.13155088e-01
      3.68000000e+03      -4.80817400e-01      -4.80817400e-01      -4.80817400e-01      -4.80817400e-01
      3.69000000e+03      -3.29311038e-01      -3.29311038e-01      -3.29311038e-01      -3.29311038e-01
      3.70000000e+03      -1.64676083e-01      -1.64676083e-01      -1.64676083e-01      -1.64676083e-01
      3.71000000e+03       6.52398861e-03       6.52398861e-03       6.52398861e-03       6.52398861e-03
      3.72000000e+03       1.77463969e-01       1.77463969e-01       1.77463969e-01       1.77463969e-01
      3.73000000e+03       3.41329020e-01       3.41329020e-01       3.41329020e-01       3.41329020e-01
      3.74000000e+03       4.91586360e-01       4.91586360e-01       4.91586360e-01       4.91586360e-01
      3.75000000e+03       6.22245701e-01       6.22245701e-01       6.22245701e-01       6.22245701e-01
      3.76000000e+03       7.28098067e-01       7.28098067e-01       7.28098067e-01       7.28098067e-01
      3.77000000e+03       8.04923459e-01       8.04923459e-01       8.04923459e-01       8.04923459e-01
      3.78000000e+03       8.49659089e-01       8.49659089e-01       8.49659089e-01       8.49659089e-01
      3.79000000e+03       8.60521491e-01       8.60521491e-01       8.60521491e-01       8.60521491e-01
      3.80000000e+03       8.37077613e-01       8.37077613e-01       8.37077613e-01       8.37077613e-01
      3.81000000e+03       7.80262089e-01       7.80262089e-01       7.80262089e-01       7.80262089e-01
      3.82000000e+03       6.92339976e-01       6.92339976e-01       6.92339976e-01       6.92339976e-01
      3.83000000e+03       5.76816450e-01       5.76816450e-01       5.76816450e-01       5.76816450e-01
      3.84000000e+03       4.38297071e-01       4.38297071e-01       4.38297071e-01       4.38297071e-01
      3.85000000e+03       2.82304169e-01       2.82304169e-01       2.82304169e-01       2.82304169e-01
      3.86000000e+03       1.15056690e-01       1.15056690e-01       1.15056690e-01       1.15056690e-01
      3.87000000e+03      -5.67777362e-02      -5.67777362e-02      -5.67777362e-02      -5.67777362e-02
      3.88000000e+03      -2.26348613e-01      -2.26348613e-01      -2.26348613e-01      -2.26348613e-01
      3.89000000e+03      -3.86895685e-01      -3.86895685e-01      -3.86895685e-01      -3.86895685e-01
      3.90000000e+03      -5.32018445e-01      -5.32018445e-01      -5.32018445e-01      -5.32018445e-01
      3.91000000e+03      -6.55931307e-01      -6.55931307e-01      -6.55931307e-01      -6.55931307e-01
      3.92000000e+03      -7.53694256e-01      -7.53694256e-01      -7.53694256e-01      -7.53694256e-01
      3.93000000e+03      -8.21409790e-01      -8.21409790e-01      -8.21409790e-01      -8.21409790e-01
      3.94000000e+03      -8.56378305e-01      -8.56378305e-01      -8.56378305e-01      -8.56378305e-01
      3.95000000e+03      -8.57205717e-01      -8.57205717e-01      -8.57205717e-01      -8.57205717e-01
      3.96000000e+03      -8.23859040e-01      -8.23859040e-01      -8.23859040e-01      -8.23859040e-01
      3.97000000e+03      -7.57667699e-01      -7.57667699e-01      -7.57667699e-01      -7.57667699e-01
      3.98000000e+03      -6.61270536e-01      -6.61270536e-01      -6.61270536e-01      -6.61270536e-01
      3.99000000e+03      -5.38510601e-01      -5.38510601e-01      -5.38510601e-01      -5.38510601e-01
      4.00000000e+03      -3.94281946e-01      -3.94281946e-01      -3.94281946e-01      -3.94281946e-01
      4.01000000e+03      -2.34334513e-01      -2.34334513e-01      -2.34334513e-01      -2.34334513e-01
      4.02000000e+03      -6.50449014e-02      -6.50449014e-02      -6.50449014e-02      -6.50449014e-02
      4.03000000e+03       1.06837845e-01       1.06837845e-01       1.06837845e-01       1.06837845e-01
      4.04000000e+03       2.74461304e-01       2.74461304e-01       2.74461304e-01       2.74461304e-01
      4.05000000e+03       4.31142856e-01       4.31142856e-01       4.31142856e-01       4.31142856e-01
      4.06000000e+03       5.70636101e-01       5.70636101e-01       5.70636101e-01       5.70636101e-01
      4.07000000e+03       6.87379883e-01       6.87379883e-01       6.87379883e-01       6.87379883e-01
      4.08000000e+03       7.76719997e-01       7.76719997e-01       7.76719997e-01       7.76719997e-01
      4.09000000e+03       8.35094733e-01       8.35094733e-01       8.35094733e-01       8.35094733e-01
      4.10000000e+03       8.60176874e-01       8.60176874e-01       8.60176874e-01       8.60176874e-01
      4.11000000e+03       8.50966475e-01       8.50966475e-01       8.50966475e-01       8.50966475e-01
      4.12000000e+03       8.07830725e-01       8.07830725e-01       8.07830725e-01       8.07830725e-01
      4.13000000e+03       7.32489311e-01       7.32489311e-01       7.32489311e-01       7.32489311e-01
      4.14000000e+03       6.27945857e-01       6.27945857e-01       6.27945857e-01       6.27945857e-01
      4.15000000e+03       4.98368181e-01       4.98368181e-01       4.98368181e-01       4.98368181e-01
      4.16000000e+03       3.48922137e-01       3.48922137e-01       3.48922137e-01       3.48922137e-01
      4.17000000e+03       1.85565667e-01       1.85565667e-01       1.85565667e-01       1.85565667e-01
      4.18000000e+03       1.48112791e-02       1.48112791e-02       1.48112791e-02       1.48112791e-02
      4.19000000e+03      -1.56533588e-01      -1.56533588e-01      -1.56533588e-01      -1.56533588e-01
      4.20000000e+03      -3.21637954e-01      -3.21637954e-01      -3.21637954e-01      -3.21637954e-01
