      0.00000000e+00       1.00000000e+01       1.00000000e+01       1.00000000e+01       1.00000000e+01
      1.00000000e+01      -1.05981467e+02       5.48010006e+01      -6.98173252e+01       1.60997791e+02
      2.00000000e+01       8.58478339e+01      -8.80464665e+01       9.71261317e+01      -5.49274991e+01
      3.00000000e+01       5.63967786e+01       2.78607309e+01       2.37499332e+01      -6.80074427e+01
      4.00000000e+01      -8.57888313e+01       1.48027075e+02      -1.07248508e+02       8.50102649e+01
      5.00000000e+01       5.56107452e+01      -8.66956626e+01       8.15650876e+01      -1.04801701e+01
      6.00000000e+01       5.29758135e+01      -9.11456090e+01       8.25297183e+01      -4.35992279e+00
      7.00000000e+01      -8.82899090e+01       1.41233755e+02      -1.05027449e+02       9.20836032e+01
      8.00000000e+01       5.84119152e+01       3.00318835e+01       2.36381724e+01      -7.20819710e+01
      9.00000000e+01       8.78884217e+01      -7.94871037e+01       9.37812797e+01      -6.21825977e+01
      1.00000000e+02      -1.06614036e+02       5.45530246e+01      -7.00025221e+01       1.62063533e+02
      1.10000000e+02       8.22998801e+00       8.95450987e-01       1.37549471e+01       1.71196139e+01
      1.20000000e+02       1.24926433e+02      -3.62568070e+01       9.00379557e+01      -1.38707582e+02
      1.30000000e+02      -6.39294793e+01       1.16219632e+02      -8.03349022e+01       6.80447496e+01
      1.40000000e+02      -3.40052200e+01      -4.59426642e+00      -4.23300525e+00       8.28324917e+01
      1.50000000e+02       1.03524455e+02      -1.34089684e+02       1.29214763e+02      -5.86495341e+01
      1.60000000e+02      -3.85379236e+01       1.01367930e+02      -6.02982533e+01       3.74682469e+01
      1.70000000e+02      -3.06744211e+01       1.14596792e+02      -6.31509950e+01       1.92286242e+01
      1.80000000e+02       1.10973599e+02      -1.13868513e+02       1.22605651e+02      -7.97107382e+01
      1.90000000e+02      -4.00261921e+01      -1.10362804e+01      -3.92199868e+00       9.49844712e+01
      2.00000000e+02      -6.99896248e+01       9.07227036e+01      -7.03620748e+01       8.96289961e+01
      2.10000000e+02       1.26818982e+02      -3.55278885e+01       9.05986348e+01      -1.41889728e+02
      2.20000000e+02       1.34768373e+01       2.80232171e+01       2.55346109e+00      -4.05351555e+00
      2.30000000e+02      -1.03463578e+02       5.88775802e+01      -7.06498402e+01       1.55235838e+02
      2.40000000e+02       8.21920179e+01      -1.03834127e+02       1.03348821e+02      -4.17067122e+01
      2.50000000e+02       5.12702403e+01       2.03290787e+01       2.50545497e+01      -5.66538687e+01
      2.60000000e+02      -8.15452419e+01       1.59279327e+02      -1.10877778e+02       7.31436936e+01
      2.70000000e+02       6.17092489e+01      -7.53033792e+01       7.87771743e+01      -2.51830440e+01
      2.80000000e+02       4.87401093e+01      -9.69509974e+01       8.33955189e+01       4.81536913e+00
      2.90000000e+02      -9.37814240e+01       1.26103027e+02      -1.00041571e+02       1.07719968e+02
      3.00000000e+02       6.12242924e+01       3.08292612e+01       2.46165676e+01      -7.66701213e+01
      3.10000000e+02       9.20882804e+01      -6.19389657e+01       8.69317919e+01      -7.70811066e+01
      3.20000000e+02      -1.06600751e+02       5.77124040e+01      -7.16011496e+01       1.60489496e+02
      3.30000000e+02       4.94126145e+00      -1.65743788e+01       2.10128693e+01       3.06202481e+01
      3.40000000e+02       1.21616699e+02      -4.25935860e+01       9.16292553e+01      -1.30652368e+02
      3.50000000e+02      -6.06898077e+01       1.30730115e+02      -8.61134228e+01       5.60731151e+01
      3.60000000e+02      -2.82326495e+01       4.81531266e+00      -6.17391907e+00       6.95912560e+01
      3.70000000e+02       9.98929151e+01      -1.43473532e+02       1.32195857e+02      -4.86152398e+01
      3.80000000e+02      -4.50709145e+01       8.86597391e+01      -5.70555170e+01       5.34666924e+01
      3.90000000e+02      -2.71979016e+01       1.18135026e+02      -6.32384103e+01       1.23012858e+01
      4.00000000e+02       1.16651854e+02      -9.81179359e+01       1.17396716e+02      -9.59306341e+01
      4.10000000e+02      -4.20003695e+01      -9.39397322e+00      -5.72756521e+00       9.71219079e+01
      4.20000000e+02      -7.41211285e+01       7.33218771e+01      -6.35538042e+01       1.04353055e+02
      4.30000000e+02       1.25973289e+02      -4.10654858e+01       9.29960535e+01      -1.37903856e+02
      4.40000000e+02       1.64568432e+01       4.45848221e+01      -4.39489709e+00      -1.66467682e+01
      4.50000000e+02      -9.94181973e+01       6.73098168e+01      -7.29438715e+01       1.45052252e+02
      4.60000000e+02       7.94716579e+01      -1.16764057e+02       1.08579790e+02      -3.12873914e+01
      4.70000000e+02       4.49401341e+01       9.30080354e+00       2.75435900e+01      -4.17845277e+01
      4.80000000e+02      -7.86015057e+01       1.66572424e+02      -1.13134996e+02       6.51640774e+01
      4.90000000e+02       6.85646371e+01      -6.16078850e+01       7.51914251e+01      -4.21481772e+01
      5.00000000e+02       4.60637321e+01      -9.81023712e+01       8.26638794e+01       9.37475977e+00
      5.10000000e+02      -9.95217204e+01       1.10098702e+02      -9.47342362e+01       1.24157254e+02
      5.20000000e+02       6.23581785e+01       2.67417595e+01       2.72510757e+01      -7.63510138e+01
      5.30000000e+02       9.60262621e+01      -4.50534537e+01       8.02901327e+01      -9.12629411e+01
      5.40000000e+02      -1.04959723e+02       6.55190921e+01      -7.47601540e+01       1.54200785e+02
      5.50000000e+02       2.38350578e+00      -3.18937135e+01       2.75377968e+01       4.19724109e+01
      5.60000000e+02       1.16908343e+02      -5.29081691e+01       9.45534949e+01      -1.18553669e+02
      5.70000000e+02      -5.85797100e+01       1.41811993e+02      -9.07056759e+01       4.74733932e+01
      5.80000000e+02      -2.14461664e+01       1.71658716e+01      -9.11025368e+00       5.33905484e+01
      5.90000000e+02       9.76965725e+01      -1.48501008e+02       1.33669667e+02      -4.28652316e+01
      6.00000000e+02      -5.21289906e+01       7.43279234e+01      -5.32461864e+01       7.10472536e+01
      6.10000000e+02      -2.53440823e+01       1.16834286e+02      -6.16655898e+01       1.01753865e+01
      6.20000000e+02       1.22327658e+02      -8.22313623e+01       1.12117479e+02      -1.12213775e+02
      6.30000000e+02      -4.23109891e+01      -2.91190094e+00      -9.17366987e+00       9.43965599e+01
      6.40000000e+02      -7.77445468e+01       5.73075728e+01      -5.72000276e+01       1.17637002e+02
      6.50000000e+02       1.23591831e+02      -5.09797818e+01       9.68616099e+01      -1.29473659e+02
      6.60000000e+02       1.84885038e+01       5.83562800e+01      -1.03922120e+01      -2.64525718e+01
      6.70000000e+02      -9.41343504e+01       7.92501489e+01      -7.64109879e+01       1.31295189e+02
      6.80000000e+02       7.80484713e+01      -1.25772385e+02       1.12456468e+02      -2.47325535e+01
      6.90000000e+02       3.78087817e+01      -4.04523821e+00       3.08160383e+01      -2.45795818e+01
      7.00000000e+02      -7.71946174e+01       1.69210887e+02      -1.13783399e+02       6.17671300e+01
      7.10000000e+02       7.57008114e+01      -4.70050654e+01       7.12828270e+01      -5.99785730e+01
      7.20000000e+02       4.50358343e+01      -9.43402126e+01       8.02468056e+01       9.05757270e+00
      7.30000000e+02      -1.05007559e+02       9.46982651e+01      -8.96085367e+01       1.39917831e+02
      7.40000000e+02       6.18812791e+01       1.79707182e+01       3.14727103e+01      -7.13247076e+01
      7.50000000e+02       9.92209757e+01      -3.02459920e+01       7.43386120e+01      -1.03313596e+02
      7.60000000e+02      -1.01909312e+02       7.73308545e+01      -7.92606596e+01       1.43839117e+02
      7.70000000e+02       9.69718390e-01      -4.38471231e+01       3.29153839e+01       4.99620207e+01
      7.80000000e+02       1.11149297e+02      -6.61800447e+01       9.84633505e+01      -1.03432603e+02
      7.90000000e+02      -5.79040235e+01       1.48568442e+02      -9.38059803e+01       4.31415621e+01
      8.00000000e+02      -1.40892513e+01       3.11576949e+01      -1.25998368e+01       3.55313932e+01
      8.10000000e+02       9.71027075e+01      -1.48681373e+02       1.33469159e+02      -4.18904939e+01
      8.20000000e+02      -5.92166431e+01       5.98253828e+01      -4.93646666e+01       8.87559268e+01
      8.30000000e+02      -2.51263438e+01       1.10657571e+02      -5.84203177e+01       1.28890903e+01
      8.40000000e+02       1.27501995e+02      -6.76738971e+01       1.07266823e+02      -1.27094921e+02
      8.50000000e+02      -4.11002184e+01       7.98994521e+00      -1.41168684e+01       8.72271415e+01
      8.60000000e+02      -8.04059316e+01       4.40146457e+01      -5.17556213e+01       1.28146907e+02
      8.70000000e+02       1.19958878e+02      -6.44350226e+01       1.01910531e+02      -1.17434386e+02
      8.80000000e+02       1.92068125e+01       6.82630886e+01      -1.50721293e+01      -3.23977720e+01
      8.90000000e+02      -8.80109097e+01       9.35284949e+01      -8.06529347e+01       1.15135349e+02
      9.00000000e+02       7.81634238e+01      -1.30149870e+02       1.14737054e+02      -2.27506075e+01
      9.10000000e+02       3.03506807e+01      -1.83182550e+01       3.43987081e+01      -6.43113409e+00
      9.20000000e+02      -7.74183142e+01       1.66919960e+02      -1.12729510e+02       6.32278636e+01
      9.30000000e+02       8.26141883e+01      -3.29715456e+01       6.75538664e+01      -7.71965096e+01
      9.40000000e+02       4.55937311e+01      -8.58509011e+01       7.62081529e+01       4.04901655e+00
      9.50000000e+02      -1.09755576e+02       8.13208844e+01      -8.51477148e+01       1.53582406e+02
      9.60000000e+02       6.00069528e+01       5.14517482e+00       3.70668396e+01      -6.22189680e+01
      9.70000000e+02       1.01256323e+02      -1.87403044e+01       6.94942643e+01      -1.12010284e+02
      9.80000000e+02      -9.77931799e+01       9.21375540e+01      -8.47585130e+01       1.30414138e+02
      9.90000000e+02       1.00853924e+00      -5.15256280e+01       3.68356432e+01       5.36814444e+01
      1.00000000e+03       1.04780244e+02      -8.11163682e+01       1.02918765e+02      -8.65826424e+01
      1.01000000e+03      -5.88343143e+01       1.50494033e+02      -9.52419468e+01       4.35822261e+01
      1.02000000e+03      -6.65656668e+00       4.53407835e+01      -1.61493213e+01       1.74651025e+01
      1.03000000e+03       9.81293699e+01      -1.43962154e+02       1.31576553e+02      -4.57437712e+01
      1.04000000e+03      -6.58337358e+01       4.66186347e+01      -4.59100054e+01       1.05125104e+02
      1.05000000e+03      -2.64073856e+01       1.00010385e+02      -5.36410723e+01       2.00380698e+01
      1.06000000e+03       1.31718220e+02      -5.57862702e+01       1.03301280e+02      -1.39233234e+02
      1.07000000e+03      -3.86477078e+01       2.24878728e+01      -2.02762446e+01       7.64360752e+01
      1.08000000e+03      -8.17365778e+01       3.45276696e+01      -4.75902381e+01       1.34799141e+02
      1.09000000e+03       1.15469604e+02      -8.02698190e+01       1.07747158e+02      -1.02946949e+02
      1.10000000e+03       1.83665778e+01       7.35825924e+01      -1.81881155e+01      -3.37610619e+01
      1.11000000e+03      -8.15202893e+01       1.08758862e+02      -8.51979405e+01       9.79593594e+01
      1.12000000e+03       7.99147404e+01      -1.29606467e+02       1.15322506e+02      -2.56307897e+01
      1.13000000e+03       2.30693390e+01      -3.20422680e+01       3.77894014e+01       1.11835161e+01
      1.14000000e+03      -7.92145522e+01       1.59870652e+02      -1.10031659e+02       6.93755455e+01
      1.15000000e+03       8.88195177e+01      -2.09301402e+01       6.44887061e+01      -9.23780995e+01
      1.16000000e+03       4.75286577e+01      -7.32497936e+01       7.07578579e+01      -5.03674046e+00
      1.17000000e+03      -1.13346310e+02       7.11981354e+01      -8.17711444e+01       1.63919297e+02
      1.18000000e+03       5.70747157e+01      -1.07353826e+01       4.36926759e+01      -5.00320348e+01
      1.19000000e+03       1.01819437e+02      -1.14569927e+01       6.60708943e+01      -1.16433369e+02
      1.20000000e+03      -9.30489708e+01       1.08653132e+02      -9.08156179e+01       1.15211421e+02
      1.21000000e+03       2.67607014e+00      -5.44094497e+01       3.91211156e+01       5.26122225e+01
      1.22000000e+03       9.82945000e+01      -9.62697616e+01       1.07427048e+02      -6.94518348e+01
      1.23000000e+03      -6.13932268e+01       1.47520726e+02      -9.49901589e+01       4.88626027e+01
      1.24000000e+03       3.51033276e-01       5.82469719e+01      -1.92591912e+01       6.61119688e-01
      1.25000000e+03       1.00643728e+02      -1.34733954e+02       1.28124935e+02      -5.40347884e+01
      1.26000000e+03      -7.15210393e+01       3.60541693e+01      -4.33404133e+01       1.18807191e+02
      1.27000000e+03      -2.89118000e+01       8.57038233e+01      -4.76044824e+01       3.08123512e+01
      1.28000000e+03       1.34603622e+02      -4.76627347e+01       1.00593420e+02      -1.47534435e+02
      1.29000000e+03      -3.53451065e+01       3.94294307e+01      -2.72589826e+01       6.31745090e+01
      1.30000000e+03      -8.14866780e+01       2.95821364e+01      -4.49547053e+01       1.36859074e+02
      1.31000000e+03       1.10594038e+02      -9.71029526e+01       1.13900923e+02      -8.73922142e+01
      1.32000000e+03       1.58647484e+01       7.40097212e+01      -1.96359276e+01      -3.02387825e+01
      1.33000000e+03      -7.51654957e+01       1.23465538e+02      -8.95437636e+01       8.12434418e+01
      1.34000000e+03       8.32488621e+01      -1.24297816e+02       1.14265473e+02      -3.32168547e+01
      1.35000000e+03       1.64513592e+01      -4.37906499e+01       4.05025913e+01       2.68363114e+01
      1.36000000e+03      -8.23788871e+01       1.48664087e+02      -1.05894787e+02       7.96091316e+01
      1.37000000e+03       9.38939500e+01      -1.21203647e+01       6.25089595e+01      -1.04283081e+02
      1.38000000e+03       5.05046450e+01      -5.75253503e+01       6.42327007e+01      -1.72126194e+01
      1.39000000e+03      -1.15462567e+02       6.52616628e+01      -7.97962892e+01       1.69996461e+02
      1.40000000e+03       5.35191578e+01      -2.83921998e+01       5.09141235e+01      -3.60419520e+01
      1.41000000e+03       1.00728948e+02      -8.92986965e+00       6.42502514e+01      -1.16050341e+02
      1.42000000e+03      -8.81687441e+01       1.25432438e+02      -9.69400885e+01       9.96752017e+01
      1.43000000e+03       5.99957764e+00      -5.24157713e+01       3.97428029e+01       4.66719859e+01
      1.44000000e+03       9.21927077e+01      -1.10170381e+02       1.11487338e+02      -5.35112921e+01
      1.45000000e+03      -6.54528626e+01       1.40023792e+02      -9.31788141e+01       5.86059537e+01
      1.46000000e+03       6.47173832e+00       6.85229779e+01      -2.14695889e+01      -1.35273656e+01
      1.47000000e+03       1.04373510e+02      -1.21795561e+02       1.23385585e+02      -6.59661808e+01
      1.48000000e+03      -7.59028811e+01       2.92353610e+01      -4.20323747e+01       1.28696778e+02
      1.49000000e+03      -3.22516453e+01       6.88799283e+01      -4.07007652e+01       4.40688477e+01
      1.50000000e+03       1.35902464e+02      -4.40523168e+01       9.93969968e+01      -1.51251435e+02
      1.51000000e+03      -3.16619249e+01       5.74373155e+01      -3.45974682e+01       4.88170399e+01
      1.52000000e+03      -7.95490524e+01       2.94957363e+01      -4.39590834e+01       1.34006562e+02
      1.53000000e+03       1.05833065e+02      -1.13460454e+02       1.19867762e+02      -7.22472749e+01
      1.54000000e+03       1.17475601e+01       6.96839278e+01      -1.94655858e+01      -2.19739875e+01
      1.55000000e+03      -6.94361058e+01       1.36214726e+02      -9.32049555e+01       6.64169710e+01
      1.56000000e+03       8.79632390e+01      -1.14814639e+02       1.11763787e+02      -4.49236136e+01
      1.57000000e+03       1.09183933e+01      -5.23174233e+01       4.21097188e+01       3.92763272e+01
      1.58000000e+03      -8.65817645e+01       1.34274124e+02      -1.00655049e+02       9.29475044e+01
      1.59000000e+03       9.75127418e+01      -7.49058787e+00       6.19326273e+01      -1.11972672e+02
      1.60000000e+03       5.40827405e+01      -3.99533605e+01       5.70601239e+01      -3.12102104e+01
      1.61000000e+03      -1.15923694e+02       6.40529165e+01      -7.94149702e+01       1.71261518e+02
      1.62000000e+03       4.98269347e+01      -4.63902684e+01       5.82349414e+01      -2.17000703e+01
      1.63000000e+03       9.79428428e+01      -1.12616262e+01       6.40561165e+01      -1.10770343e+02
      1.64000000e+03      -8.36640525e+01       1.40993658e+02      -1.02639708e+02       8.52715003e+01
      1.65000000e+03       1.08483408e+01      -4.59216796e+01       3.88173493e+01       3.62108328e+01
      1.66000000e+03       8.69245486e+01      -1.21466900e+02       1.14622382e+02      -4.01320260e+01
      1.67000000e+03      -7.07609893e+01       1.28780557e+02      -9.00928532e+01       7.20123714e+01
      1.68000000e+03       1.13148120e+01       7.50323403e+01      -2.24112653e+01      -2.40059601e+01
      1.69000000e+03       1.08911396e+02      -1.06301613e+02       1.17725995e+02      -8.04171525e+01
      1.70000000e+03      -7.87471026e+01       2.69076928e+01      -4.22718609e+01       1.34016728e+02
      1.71000000e+03      -3.59753182e+01       5.08834312e+01      -3.34157791e+01       5.83990287e+01
      1.72000000e+03       1.35473719e+02      -4.53150582e+01       9.97967498e+01      -1.50081638e+02
      1.73000000e+03      -2.81456220e+01       7.50068788e+01      -4.18300252e+01       3.48232479e+01
      1.74000000e+03      -7.59964313e+01       3.40896003e+01      -4.45867204e+01       1.26326916e+02
      1.75000000e+03       1.01639285e+02      -1.27946981e+02       1.25117606e+02      -5.90022352e+01
      1.76000000e+03       6.14826423e+00       6.11554182e+01      -1.79417303e+01      -9.58308665e+00
      1.77000000e+03      -6.48085553e+01       1.45678232e+02      -9.57979429e+01       5.46763744e+01
      1.78000000e+03       9.36710862e+01      -1.02216179e+02       1.08098492e+02      -5.98468844e+01
      1.79000000e+03       6.69766695e+00      -5.67129906e+01       4.21862140e+01       4.74947487e+01
      1.80000000e+03      -9.14631797e+01       1.17893511e+02      -9.48269553e+01       1.08013826e+02
      1.81000000e+03       9.94130456e+01      -7.71921839e+00       6.28773274e+01      -1.15013442e+02
      1.82000000e+03       5.76205259e+01      -2.20758737e+01       4.95947766e+01      -4.56415739e+01
      1.83000000e+03      -1.14823196e+02       6.75439839e+01      -8.07875096e+01       1.67490483e+02
      1.84000000e+03       4.64094661e+01      -6.34158562e+01       6.50426868e+01      -8.69645039e+00
      1.85000000e+03       9.33849892e+01      -1.82012526e+01       6.51558211e+01      -1.01091581e+02
      1.86000000e+03      -8.02146066e+01       1.53775316e+02      -1.07646423e+02       7.32248270e+01
      1.87000000e+03       1.68009834e+01      -3.60269251e+01       3.64800573e+01       2.17660607e+01
      1.88000000e+03       8.25976532e+01      -1.29213599e+02       1.16162680e+02      -3.06554540e+01
      1.89000000e+03      -7.72336388e+01       1.14752155e+02      -8.64544772e+01       8.76723604e+01
      1.90000000e+03       1.44063034e+01       7.66010118e+01      -2.20306315e+01      -3.04022671e+01
      1.91000000e+03       1.13395391e+02      -9.00024831e+01       1.11264408e+02      -9.62600237e+01
      1.92000000e+03      -8.04062697e+01       2.90970605e+01      -4.46362201e+01       1.34149418e+02
      1.93000000e+03      -3.98671263e+01       3.27295951e+01      -2.65894396e+01       7.17297529e+01
      1.94000000e+03       1.32916026e+02      -5.17501387e+01       1.01282647e+02      -1.44626834e+02
      1.95000000e+03      -2.59021163e+01       9.02675764e+01      -4.90444875e+01       2.22899998e+01
      1.96000000e+03      -7.14886207e+01       4.21348109e+01      -4.70654906e+01       1.13808198e+02
      1.97000000e+03       9.79181286e+01      -1.39852880e+02       1.28679171e+02      -4.95394643e+01
      1.98000000e+03      -1.26998159e+00       4.89337978e+01      -1.60768158e+01       5.42862817e+00
      1.99000000e+03      -6.21813581e+01       1.50217466e+02      -9.75673630e+01       4.63412419e+01
      2.00000000e+03       9.93387239e+01      -8.83974692e+01       1.03099008e+02      -7.73493391e+01
      2.01000000e+03       3.36831327e+00      -5.70417940e+01       3.99076807e+01       5.03289539e+01
      2.02000000e+03      -9.71538316e+01       1.00310594e+02      -8.94845883e+01       1.22813180e+02
      2.03000000e+03       9.89016607e+01      -1.34494205e+01       6.47410186e+01      -1.13774130e+02
      2.04000000e+03       6.02229614e+01      -5.92194167e+00       4.18877441e+01      -5.97902650e+01
      2.05000000e+03      -1.12715969e+02       7.49810255e+01      -8.42814946e+01       1.58465859e+02
      2.06000000e+03       4.30720016e+01      -7.84054950e+01       7.02850119e+01       1.53035401e+00
      2.07000000e+03       8.71628247e+01      -2.96745165e+01       6.72383730e+01      -8.81535968e+01
      2.08000000e+03      -7.82802708e+01       1.62444881e+02      -1.11731717e+02       6.42387068e+01
      2.09000000e+03       2.30833601e+01      -2.33254116e+01       3.25481992e+01       4.50490153e+00
      2.10000000e+03       7.97295120e+01      -1.32879438e+02       1.16145487e+02      -2.59867282e+01
      2.11000000e+03      -8.40745406e+01       9.89201792e+01      -8.21702395e+01       1.04478399e+02
      2.12000000e+03       1.54704449e+01       7.37273004e+01      -2.03387725e+01      -3.14910023e+01
      2.13000000e+03       1.18144347e+02      -7.36329934e+01       1.05069969e+02      -1.11997680e+02
      2.14000000e+03      -7.97339979e+01       3.61345674e+01      -4.79938992e+01       1.29346481e+02
      2.15000000e+03      -4.31808858e+01       1.69581063e+01      -2.02156040e+01       8.44174897e+01
      2.16000000e+03       1.29433006e+02      -6.19553775e+01       1.04852009e+02      -1.34146531e+02
      2.17000000e+03      -2.34732186e+01       1.02955081e+02      -5.41066004e+01       1.30006789e+01
      2.18000000e+03      -6.51947277e+01       5.48707212e+01      -5.01567258e+01       9.90354615e+01
      2.19000000e+03       9.64485323e+01      -1.46602843e+02       1.31766506e+02      -4.28894300e+01
      2.20000000e+03      -7.89207090e+00       3.52659024e+01      -1.19232493e+01       2.34183203e+01
      2.21000000e+03      -6.00514427e+01       1.51540020e+02      -9.66257045e+01       4.41360111e+01
      2.22000000e+03       1.06424033e+02      -7.23673989e+01       9.90589909e+01      -9.39904013e+01
      2.23000000e+03       3.36746491e+00      -5.12258257e+01       3.76437136e+01       4.94466370e+01
      2.24000000e+03      -1.01057960e+02       8.51994323e+01      -8.30102882e+01       1.38194433e+02
      2.25000000e+03       9.82839235e+01      -2.21755269e+01       6.96299711e+01      -1.06324058e+02
      2.26000000e+03       6.35363116e+01       9.30686229e+00       3.65597724e+01      -6.99197814e+01
      2.27000000e+03      -1.07783241e+02       8.77097564e+01      -8.75392689e+01       1.47165079e+02
      2.28000000e+03       4.26097341e+01      -8.83258383e+01       7.58983946e+01       9.42712077e+00
      2.29000000e+03       8.13148300e+01      -4.20627042e+01       7.14486105e+01      -7.10432108e+01
      2.30000000e+03      -7.65725560e+01       1.68001436e+02      -1.12936163e+02       6.12108162e+01
      2.31000000e+03       3.13406630e+01      -8.57857463e+00       2.98698773e+01      -1.28909449e+01
      2.32000000e+03       7.94654461e+01      -1.30254295e+02       1.15369976e+02      -2.48080867e+01
      2.33000000e+03      -8.98653582e+01       8.48396458e+01      -7.72000119e+01       1.22029440e+02
      2.34000000e+03       1.62757417e+01       6.65404471e+01      -1.56802256e+01      -2.73072408e+01
      2.35000000e+03       1.22801420e+02      -5.83350234e+01       1.00171943e+02      -1.24787974e+02
      2.36000000e+03      -7.73294287e+01       4.82515658e+01      -5.24301881e+01       1.21379930e+02
      2.37000000e+03      -4.44471410e+01       4.56699903e+00      -1.40531971e+01       9.38211237e+01
      2.38000000e+03       1.25181933e+02      -7.48716583e+01       1.09760229e+02      -1.20167440e+02
      2.39000000e+03      -2.26739886e+01       1.11923234e+02      -5.78763431e+01       8.54336030e+00
      2.40000000e+03      -5.79054632e+01       6.91177290e+01      -5.34612215e+01       8.21760243e+01
      2.41000000e+03       9.66019793e+01      -1.48653218e+02       1.33190438e+02      -4.12019524e+01
      2.42000000e+03      -1.51565126e+01       2.14219547e+01      -8.19105969e+00       4.18714824e+01
      2.43000000e+03      -5.96861888e+01       1.47407888e+02      -9.41025011e+01       4.63340176e+01
      2.44000000e+03       1.12817402e+02      -5.80039799e+01       9.51192746e+01      -1.09972825e+02
      2.45000000e+03       4.20132295e+00      -4.11009940e+01       3.30982866e+01       4.37668226e+01
      2.46000000e+03      -1.04547639e+02       7.19603699e+01      -7.78379147e+01       1.50395253e+02
      2.47000000e+03       9.58416775e+01      -3.53669660e+01       7.52740886e+01      -9.57743477e+01
      2.48000000e+03       6.48448657e+01       2.03425347e+01       3.17212112e+01      -7.69309025e+01
      2.49000000e+03      -1.02557794e+02       1.02393311e+02      -9.23200677e+01       1.32465524e+02
      2.50000000e+03       4.29728717e+01      -9.44648877e+01       7.92893357e+01       1.21863175e+01
      2.51000000e+03       7.43238948e+01      -5.64688750e+01       7.54117305e+01      -5.32809874e+01
      2.52000000e+03      -7.71458243e+01       1.67956947e+02      -1.13122980e+02       6.22997415e+01
      2.53000000e+03       3.87867099e+01       5.43082073e+00       2.64790462e+01      -3.07070923e+01
      2.54000000e+03       8.02188324e+01      -1.23486452e+02       1.12357693e+02      -2.90992339e+01
      2.55000000e+03      -9.56272126e+01       7.16712152e+01      -7.32967287e+01       1.37244833e+02
      2.56000000e+03       1.49195134e+01       5.46331036e+01      -1.02553595e+01      -1.93041463e+01
      2.57000000e+03       1.25930275e+02      -4.65266106e+01       9.57487187e+01      -1.35158434e+02
      2.58000000e+03      -7.41518792e+01       6.31198742e+01      -5.83894996e+01       1.09416312e+02
      2.59000000e+03      -4.49075456e+01      -4.17829996e+00      -9.81028029e+00       9.88915221e+01
      2.60000000e+03       1.19771739e+02      -9.02889353e+01       1.14954878e+02      -1.04441727e+02
      2.61000000e+03      -2.37086512e+01       1.15748398e+02      -6.03080871e+01       8.26478417e+00
      2.62000000e+03      -5.07778524e+01       8.37585080e+01      -5.73750083e+01       6.43911598e+01
      2.63000000e+03       9.80694167e+01      -1.46063664e+02       1.32611454e+02      -4.46200433e+01
      2.64000000e+03      -2.22909832e+01       8.10299074e+00      -4.92144712e+00       5.91068880e+01
      2.65000000e+03      -6.11309524e+01       1.38461037e+02      -9.02560647e+01       5.29236757e+01
      2.66000000e+03       1.18158270e+02      -4.60930852e+01       9.17056702e+01      -1.23772943e+02
      2.67000000e+03       6.23720379e+00      -2.73318359e+01       2.71127083e+01       3.39800179e+01
      2.68000000e+03      -1.06970713e+02       6.20879810e+01      -7.40078006e+01       1.58888775e+02
      2.69000000e+03       9.22642702e+01      -5.14056982e+01       8.16686992e+01      -8.25288919e+01
      2.70000000e+03       6.45583421e+01       2.68280385e+01       2.82910611e+01      -7.96789611e+01
      2.71000000e+03      -9.69283822e+01       1.18331357e+02      -9.76432663e+01       1.16238871e+02
      2.72000000e+03       4.48519515e+01      -9.58019970e+01       8.08962897e+01       1.00524175e+01
      2.73000000e+03       6.72969585e+01      -7.08278322e+01       7.92527696e+01      -3.57231712e+01
      2.74000000e+03      -7.93842593e+01       1.62994801e+02      -1.11700009e+02       6.80882587e+01
      2.75000000e+03       4.55896995e+01       1.77779764e+01       2.35557695e+01      -4.69246065e+01
      2.76000000e+03       8.23660073e+01      -1.12452715e+02       1.07810167e+02      -3.77245794e+01
      2.77000000e+03      -1.00381492e+02       6.13926269e+01      -7.04124453e+01       1.49400228e+02
      2.78000000e+03       1.23641727e+01       3.93251129e+01      -3.73372064e+00      -7.95661746e+00
      2.79000000e+03       1.27622669e+02      -3.87519461e+01       9.26332684e+01      -1.41505018e+02
      2.80000000e+03      -7.02508813e+01       8.00390296e+01      -6.50649238e+01       9.52757731e+01
      2.81000000e+03      -4.37931460e+01      -8.26313431e+00      -7.18643148e+00       9.92417272e+01
      2.82000000e+03       1.14082104e+02      -1.06342848e+02       1.20312465e+02      -8.80526884e+01
      2.83000000e+03      -2.64051758e+01       1.14636953e+02      -6.10688638e+01       1.28361332e+01
      2.84000000e+03      -4.39493596e+01       9.74883370e+01      -6.09900799e+01       4.74501599e+01
      2.85000000e+03       1.01058643e+02      -1.38831613e+02       1.30407943e+02      -5.26359044e+01
      2.86000000e+03      -2.86353590e+01      -2.92172064e+00      -2.44164676e+00       7.39978028e+01
      2.87000000e+03      -6.38866536e+01       1.25580042e+02      -8.50670751e+01       6.33727702e+01
      2.88000000e+03       1.22252098e+02      -3.76931222e+01       8.94529730e+01      -1.34012859e+02
      2.89000000e+03       9.21717301e+00      -1.07777038e+01       2.01687250e+01       2.13909012e+01
      2.90000000e+03      -1.07866633e+02       5.65829379e+01      -7.16521122e+01       1.62934908e+02
      2.91000000e+03       8.81703282e+01      -6.88413826e+01       8.85127850e+01      -6.78426267e+01
      2.92000000e+03       6.26046669e+01       2.84689940e+01       2.64969459e+01      -7.75714998e+01
      2.93000000e+03      -9.12991219e+01       1.34134746e+02      -1.02902281e+02       1.00065767e+02
      2.94000000e+03       4.83497361e+01      -9.23025372e+01       8.08388486e+01       3.11306480e+00
      2.95000000e+03       6.07906053e+01      -8.35715616e+01       8.25259519e+01      -1.97458816e+01
      2.96000000e+03      -8.30611338e+01       1.53671343e+02      -1.08771772e+02       7.81606790e+01
      2.97000000e+03       5.13778960e+01       2.71858212e+01       2.16243243e+01      -6.01889239e+01
      2.98000000e+03       8.56417315e+01      -9.79887643e+01       1.02073299e+02      -4.97271471e+01
      2.99000000e+03      -1.03739891e+02       5.50875514e+01      -6.88619033e+01       1.57513363e+02
      3.00000000e+03       9.07551458e+00       2.18605748e+01       3.52113985e+00       5.54189150e+00
      3.01000000e+03       1.27686477e+02      -3.56243056e+01       9.10762789e+01      -1.43139328e+02
      3.02000000e+03      -6.60879501e+01       9.76247236e+01      -7.19509819e+01       8.04133306e+01
      3.03000000e+03      -4.10006716e+01      -7.46433482e+00      -6.21894305e+00       9.46830722e+01
      3.04000000e+03       1.08639010e+02      -1.21528302e+02       1.25349215e+02      -7.24607993e+01
      3.05000000e+03      -3.06626148e+01       1.08869892e+02      -6.02330304e+01       2.20248773e+01
      3.06000000e+03      -3.78764217e+01       1.08917734e+02      -6.38085774e+01       3.27663888e+01
      3.07000000e+03       1.05348165e+02      -1.27638227e+02       1.26831272e+02      -6.45420846e+01
      3.08000000e+03      -3.37783360e+01      -1.04524684e+01      -1.14637035e+00       8.53762993e+01
      3.09000000e+03      -6.75787464e+01       1.09836788e+02      -7.88851145e+01       7.66261979e+01
      3.10000000e+03       1.24819196e+02      -3.36476465e+01       8.86611802e+01      -1.39833605e+02
      3.11000000e+03       1.26942092e+01       7.24286258e+00       1.27241900e+01       7.33786332e+00
      3.12000000e+03      -1.07079505e+02       5.58875913e+01      -7.09121387e+01       1.62103177e+02
      3.13000000e+03       8.40651172e+01      -8.62051298e+01       9.53144396e+01      -5.31753017e+01
      3.14000000e+03       5.89946260e+01       2.52918738e+01       2.63355200e+01      -7.06228943e+01
      3.15000000e+03      -8.61620488e+01       1.48349975e+02      -1.07596574e+02       8.54077735e+01
      3.16000000e+03       5.33085383e+01      -8.44388763e+01       7.92829852e+01      -8.15352168e+00
      3.17000000e+03       5.52531616e+01      -9.33875432e+01       8.47881848e+01      -6.65467760e+00
      3.18000000e+03      -8.78730794e+01       1.40872652e+02      -1.04636613e+02       9.16361654e+01
      3.19000000e+03       5.58018689e+01       3.26231570e+01       2.10389015e+01      -6.94648016e+01
      3.20000000e+03       8.96372915e+01      -8.12982928e+01       9.55595030e+01      -6.38993759e+01
      3.21000000e+03      -1.05477081e+02       5.34146698e+01      -6.88671886e+01       1.60928726e+02
      3.22000000e+03       5.53507767e+00       3.65150615e+00       1.10301776e+01       1.97823644e+01
      3.23000000e+03       1.26049062e+02      -3.73597050e+01       9.11528941e+01      -1.39843126e+02
      3.24000000e+03      -6.21652132e+01       1.14399637e+02      -7.85431755e+01       6.63078780e+01
      3.25000000e+03      -3.66126732e+01      -2.02466225e+00      -6.82420355e+00       8.54606649e+01
      3.26000000e+03       1.03920595e+02      -1.34442637e+02       1.29588512e+02      -5.90673448e+01
      3.27000000e+03      -3.62480081e+01       9.91285945e+01      -5.80315758e+01       3.51501155e+01
      3.28000000e+03      -3.29639066e+01       1.16858126e+02      -6.54253363e+01       2.15302428e+01
      3.29000000e+03       1.10580064e+02      -1.13535074e+02       1.22240077e+02      -7.92859407e+01
      3.30000000e+03      -3.74257613e+01      -1.36280398e+01      -1.32799207e+00       9.23809191e+01
      3.31000000e+03      -7.17575128e+01       9.25526552e+01      -7.21599271e+01       9.13639107e+01
      3.32000000e+03       1.25706584e+02      -3.44055446e+01       8.94833165e+01      -1.40785230e+02
      3.33000000e+03       1.61716863e+01       2.52686687e+01       5.27736358e+00      -6.71859255e+00
      3.34000000e+03      -1.04611490e+02       5.99961902e+01      -7.17857709e+01       1.56400197e+02
      3.35000000e+03       8.04451650e+01      -1.02037451e+02       1.01576651e+02      -3.99852398e+01
      3.36000000e+03       5.38860181e+01       1.77574034e+01       2.76504507e+01      -5.92947462e+01
      3.37000000e+03      -8.19648900e+01       1.59662167e+02      -1.11278308e+02       7.35801569e+01
      3.38000000e+03       5.94312105e+01      -7.30816599e+01       7.65249749e+01      -2.28753996e+01
      3.39000000e+03       5.10404909e+01      -9.92328733e+01       8.56848407e+01       2.50666781e+00
      3.40000000e+03      -9.34124096e+01       1.25795365e+02      -9.97018447e+01       1.07318016e+02
      3.41000000e+03       5.86328973e+01       3.34205467e+01       2.20270984e+01      -7.40814164e+01
      3.42000000e+03       9.38745041e+01      -6.37873140e+01       8.87479045e+01      -7.88359686e+01
      3.43000000e+03      -1.05513845e+02       5.66054959e+01      -7.05068486e+01       1.59414324e+02
      3.44000000e+03       2.24549734e+00      -1.38234660e+01       1.82895227e+01       3.32875720e+01
      3.45000000e+03       1.22788785e+02      -4.37292088e+01       9.27853445e+01      -1.31845795e+02
      3.46000000e+03      -5.89611015e+01       1.28956895e+02      -8.43621231e+01       5.43654561e+01
      3.47000000e+03      -3.08571769e+01       7.38875609e+00      -8.77540300e+00       7.22429499e+01
      3.48000000e+03       1.00334943e+02      -1.43887714e+02       1.32622478e+02      -4.90705807e+01
      3.49000000e+03      -4.28061155e+01       8.64539705e+01      -5.48185664e+01       5.11698374e+01
      3.50000000e+03      -2.95097315e+01       1.20436682e+02      -6.55435181e+01       1.46156937e+01
      3.51000000e+03       1.16306852e+02      -9.78358748e+01       1.17081658e+02      -9.55535098e+01
      3.52000000e+03      -3.94191261e+01      -1.19854093e+01      -3.14370532e+00       9.45473667e+01
      3.53000000e+03      -7.59267512e+01       7.51865244e+01      -6.53885556e+01       1.06127908e+02
      3.54000000e+03       1.24911009e+02      -3.99753437e+01       9.19220732e+01      -1.36858613e+02
      3.55000000e+03       1.91527341e+01       4.18378583e+01      -1.67352647e+00      -1.93179399e+01
      3.56000000e+03      -1.00615050e+02       6.84621416e+01      -7.41210774e+01       1.46273112e+02
      3.57000000e+03       7.77601136e+01      -1.15016064e+02       1.06848893e+02      -2.95938169e+01
      3.58000000e+03       4.75720512e+01       6.72404387e+00       3.01498248e+01      -4.44467938e+01
      3.59000000e+03      -7.90665746e+01       1.67017508e+02      -1.13588721e+02       6.56369137e+01
      3.60000000e+03       6.63127137e+01      -5.94180892e+01       7.29687216e+01      -3.98642201e+01
      3.61000000e+03       4.83858632e+01      -1.00424631e+02       8.49837800e+01       7.05411366e+00
      3.62000000e+03      -9.92019756e+01       1.09840307e+02      -9.44444069e+01       1.23805201e+02
      3.63000000e+03       5.97864025e+01       2.93320592e+01       2.46722007e+01      -7.37915363e+01
      3.64000000e+03       9.78505888e+01      -4.69340910e+01       8.21421608e+01      -9.30595326e+01
      3.65000000e+03      -1.03922900e+02       6.44454467e+01      -7.37075931e+01       1.53184173e+02
      3.66000000e+03      -3.13447540e-01      -2.91526709e+01       2.48180501e+01       4.46471943e+01
      3.67000000e+03       1.18128763e+02      -5.40787537e+01       9.57510676e+01      -1.19801950e+02
      3.68000000e+03      -5.68861261e+01       1.40089123e+02      -8.89964236e+01       4.57925523e+01
      3.69000000e+03      -2.40858304e+01       1.97458302e+01      -1.17221847e+01       5.60613110e+01
      3.70000000e+03       9.81836392e+01      -1.48978147e+02       1.34149714e+02      -4.33560805e+01
      3.71000000e+03      -4.98913416e+01       7.21523382e+01      -5.10384595e+01       6.87765888e+01
      3.72000000e+03      -2.76771659e+01       1.19176059e+02      -6.40009856e+01       1.25012181e+01
      3.73000000e+03       1.22032665e+02      -8.19964609e+01       1.11851687e+02      -1.11888766e+02
      3.74000000e+03      -3.97496919e+01      -5.50136636e+00      -6.60095371e+00       9.18511380e+01
      3.75000000e+03      -7.95886123e+01       5.92022074e+01      -5.90697330e+01       1.19455264e+02
      3.76000000e+03       1.22579500e+02      -4.99242492e+01       9.58298634e+01      -1.28485988e+02
      3.77000000e+03       2.11856764e+01       5.56212735e+01      -7.67545438e+00      -2.91323695e+01
      3.78000000e+03      -9.53788458e+01       8.04389064e+01      -7.76299604e+01       1.32569026e+02
      3.79000000e+03       7.63719390e+01      -1.24076140e+02       1.10768310e+02      -2.30649835e+01
      3.80000000e+03       4.04547780e+01      -6.63008641e+00       3.34328862e+01      -2.72584518e+01
      3.81000000e+03      -7.77044343e+01       1.69719322e+02      -1.14290681e+02       6.22749193e+01
      3.82000000e+03       7.34770943e+01      -4.48436649e+01       6.90890488e+01      -5.77233522e+01
      3.83000000e+03       4.73788245e+01      -9.67019935e+01       8.25965978e+01       6.72569725e+00
      3.84000000e+03      -1.04738550e+02       9.44849751e+01      -8.93673455e+01       1.39620047e+02
      3.85000000e+03       5.93296741e+01       2.05577529e+01       2.89056280e+01      -6.87939290e+01
      3.86000000e+03       1.01084042e+02      -3.21544655e+01       7.62246693e+01      -1.05155120e+02
      3.87000000e+03      -1.00922211e+02       7.62934247e+01      -7.82509107e+01       1.42878823e+02
      3.88000000e+03      -1.72854181e+00      -4.11198890e+01       3.02011958e+01       5.26463610e+01
      3.89000000e+03       1.12416597e+02      -6.73887188e+01       9.97030364e+01      -1.04731789e+02
      3.90000000e+03      -5.62454266e+01       1.46898417e+02      -9.21400675e+01       4.14862034e+01
      3.91000000e+03      -1.67418965e+01       3.37474119e+01      -1.52225857e+01       3.82161964e+01
      3.92000000e+03       9.76343285e+01      -1.49221929e+02       1.34002788e+02      -4.24160618e+01
      3.93000000e+03      -5.70082623e+01       5.76764062e+01      -4.71855560e+01       8.65165381e+01
      3.94000000e+03      -2.74799930e+01       1.13037943e+02      -6.07851029e+01       1.52262786e+01
      3.95000000e+03       1.27258436e+02      -6.74821464e+01       1.07049062e+02      -1.26826226e+02
      3.96000000e+03      -3.85592198e+01       5.40532897e+00      -1.15566885e+01       8.47097054e+01
      3.97000000e+03      -8.22889767e+01       4.59351583e+01      -5.36584817e+01       1.30011426e+02
      3.98000000e+03       1.18995958e+02      -6.34175376e+01       1.00922250e+02      -1.16501544e+02
      3.99000000e+03       2.19052388e+01       6.55434740e+01      -1.23617968e+01      -3.50877900e+01
      4.00000000e+03      -8.93014667e+01       9.47571417e+01      -8.19144176e+01       1.16457869e+02
      4.01000000e+03       7.65219459e+01      -1.28507249e+02       1.13092737e+02      -2.11083075e+01
      4.02000000e+03       3.30085344e+01      -2.09145795e+01       3.70266024e+01      -9.12143127e+00
      4.03000000e+03      -7.79725908e+01       1.67491545e+02      -1.13290291e+02       6.37704627e+01
      4.04000000e+03       8.04207917e+01      -3.08350177e+01       6.53884007e+01      -7.49750486e+01
      4.05000000e+03       4.79570927e+01      -8.82500435e+01       7.85867295e+01       1.70534737e+00
      4.06000000e+03      -1.09538657e+02       8.11489378e+01      -8.49539814e+01       1.53342826e+02
      4.07000000e+03       5.74756838e+01       7.72551280e+00       3.45131249e+01      -5.97151955e+01
      4.08000000e+03       1.03158540e+02      -2.06729277e+01       7.14126665e+01      -1.13899153e+02
      4.09000000e+03      -9.68551072e+01       9.11401925e+01      -8.37929467e+01       1.29506987e+02
      4.10000000e+03      -1.69083338e+00      -4.88150753e+01       3.41286589e+01       5.63763758e+01
      4.11000000e+03       1.06092743e+02      -8.23668279e+01       1.04201396e+02      -8.79281848e+01
      4.12000000e+03      -5.72109358e+01       1.48878086e+02      -9.36202711e+01       4.19522471e+01
      4.13000000e+03      -9.31993462e+00       4.79436939e+01      -1.87833530e+01       2.01587197e+01
      4.14000000e+03       9.87054562e+01      -1.44565262e+02       1.32163491e+02      -4.63045593e+01
      4.15000000e+03      -6.36567013e+01       4.44928948e+01      -4.37589228e+01       1.02921855e+02
      4.16000000e+03      -2.87813055e+01       1.02426588e+02      -5.60339374e+01       2.23877810e+01
      4.17000000e+03       1.31527350e+02      -5.56342432e+01       1.03130454e+02      -1.39024435e+02
      4.18000000e+03      -3.61269996e+01       1.99120333e+01      -1.77303404e+01       7.39444326e+01
      4.19000000e+03      -8.36588608e+01       3.64708680e+01      -4.95247069e+01       1.36711826e+02
      4.20000000e+03       1.14555272e+02      -7.92945671e+01       1.06803830e+02      -1.02065410e+02
