      0.00000000e+00      -9.80832017e+00      -1.02213420e+01      -9.93776632e+00      -1.06014635e+01
      1.00000000e+01      -1.01941571e+01      -9.95055998e+00      -1.02143419e+01      -1.00098331e+01
      2.00000000e+01      -1.02797327e+01      -1.00471071e+01      -1.01565814e+01      -9.68547080e+00
      3.00000000e+01      -9.76305271e+00      -1.03367162e+01      -9.70446145e+00      -1.01646617e+01
      4.00000000e+01      -9.92898481e+00      -9.74903249e+00      -1.00338635e+01      -1.00570112e+01
      5.00000000e+01      -1.00724101e+01      -9.53233534e+00      -1.01637093e+01      -9.80043734e+00
      6.00000000e+01      -9.65324861e+00      -1.01815839e+01      -9.57684282e+00      -9.95721665e+00
      7.00000000e+01      -9.81304203e+00      -9.99800473e+00      -9.69791464e+00      -9.65993062e+00
      8.00000000e+01      -9.97973403e+00      -9.42499408e+00      -1.00202357e+01      -9.54392819e+00
      9.00000000e+01      -9.45053926e+00      -9.68244484e+00      -9.57829768e+00      -1.00576102e+01
      1.00000000e+02      -9.53278671e+00      -9.75295526e+00      -9.53212828e+00      -9.75102176e+00
      1.10000000e+02      -9.92537321e+00      -9.51093887e+00      -9.79740945e+00      -9.13517049e+00
      1.20000000e+02      -9.44756954e+00      -9.71412850e+00      -9.40832066e+00      -9.59887332e+00
      1.30000000e+02      -9.26031266e+00      -9.49635941e+00      -9.37603611e+00      -9.83618384e+00
      1.40000000e+02      -9.66370159e+00      -9.07245788e+00      -9.73904046e+00      -9.29369209e+00
      1.50000000e+02      -9.39668264e+00      -9.56929206e+00      -9.30445468e+00      -9.29846265e+00
      1.60000000e+02      -9.16979689e+00      -9.71954794e+00      -9.06569543e+00      -9.41385175e+00
      1.70000000e+02      -9.49084039e+00      -8.97597752e+00      -9.55060284e+00      -9.15147126e+00
      1.80000000e+02      -9.21513844e+00      -9.02772477e+00      -9.33787765e+00      -9.38815116e+00
      1.90000000e+02      -8.94592934e+00      -9.48080376e+00      -8.92444484e+00      -9.41771407e+00
      2.00000000e+02      -9.38660264e+00      -9.15261400e+00      -9.25716318e+00      -8.77251220e+00
      2.10000000e+02      -9.20915974e+00      -9.01245299e+00      -9.19027671e+00      -8.95700257e+00
      2.20000000e+02      -8.71131373e+00      -9.12995262e+00      -8.83486425e+00      -9.49276142e+00
      2.30000000e+02      -9.08003564e+00      -8.79140464e+00      -9.13744964e+00      -8.96000210e+00
      2.40000000e+02      -9.16719398e+00      -8.92518926e+00      -9.06154882e+00      -8.61495995e+00
      2.50000000e+02      -8.67759538e+00      -9.28470452e+00      -8.58723445e+00      -9.01935767e+00
      2.60000000e+02      -8.84759457e+00      -8.68438045e+00      -8.92505940e+00      -8.91185760e+00
      2.70000000e+02      -8.95806124e+00      -8.40098065e+00      -9.07258067e+00      -8.73726946e+00
      2.80000000e+02      -8.53329765e+00      -9.03332390e+00      -8.49154732e+00      -8.91072315e+00
      2.90000000e+02      -8.72417043e+00      -8.91130729e+00      -8.59663057e+00      -8.53678372e+00
      3.00000000e+02      -8.89752351e+00      -8.38303475e+00      -8.89949873e+00      -8.38883503e+00
      3.10000000e+02      -8.34664506e+00      -8.58555678e+00      -8.47480092e+00      -8.96188926e+00
      3.20000000e+02      -8.41801121e+00      -8.59165665e+00      -8.45600320e+00      -8.70322096e+00
      3.30000000e+02      -8.81945360e+00      -8.39391595e+00      -8.70314608e+00      -8.05237638e+00
      3.40000000e+02      -8.36060361e+00      -8.67001359e+00      -8.28633948e+00      -8.45193534e+00
      3.50000000e+02      -8.17541585e+00      -8.42569216e+00      -8.26856306e+00      -8.69922095e+00
      3.60000000e+02      -8.55101239e+00      -7.93008589e+00      -8.65432579e+00      -8.23346795e+00
      3.70000000e+02      -8.27613687e+00      -8.42823028e+00      -8.21520940e+00      -8.24931546e+00
      3.80000000e+02      -8.08168015e+00      -8.64351269e+00      -7.95936566e+00      -8.28433352e+00
      3.90000000e+02      -8.41191492e+00      -7.92769024e+00      -8.43469689e+00      -7.99458997e+00
      4.00000000e+02      -8.10687058e+00      -7.92284435e+00      -8.23628994e+00      -8.30288714e+00
      4.10000000e+02      -7.82791482e+00      -8.32193056e+00      -7.84549411e+00      -8.37355253e+00
      4.20000000e+02      -8.28751621e+00      -8.04087018e+00      -8.16357919e+00      -7.67692643e+00
      4.30000000e+02      -8.12326584e+00      -7.97185705e+00      -8.06703504e+00      -7.80673408e+00
      4.40000000e+02      -7.62002589e+00      -8.05499589e+00      -7.72642653e+00      -8.36744371e+00
      4.50000000e+02      -7.96848953e+00      -7.63996769e+00      -8.05790287e+00      -7.90253192e+00
      4.60000000e+02      -8.04978516e+00      -7.78920050e+00      -7.97126932e+00      -7.55863704e+00
      4.70000000e+02      -7.58811086e+00      -8.22051930e+00      -7.47421125e+00      -7.88605060e+00
      4.80000000e+02      -7.76971749e+00      -7.63010386e+00      -7.81271212e+00      -7.75635854e+00
      4.90000000e+02      -7.84885237e+00      -7.28501809e+00      -7.97616047e+00      -7.65886109e+00
      5.00000000e+02      -7.41152326e+00      -7.87940188e+00      -7.40823145e+00      -7.86973542e+00
      5.10000000e+02      -7.62950083e+00      -7.80754134e+00      -7.50116614e+00      -7.43068371e+00
      5.20000000e+02      -7.81531584e+00      -7.34142670e+00      -7.77858467e+00      -7.23356480e+00
      5.30000000e+02      -7.24864942e+00      -7.50574712e+00      -7.36552898e+00      -7.84896650e+00
      5.40000000e+02      -7.30500181e+00      -7.43540349e+00      -7.37818353e+00      -7.65030319e+00
      5.50000000e+02      -7.70814530e+00      -7.26142904e+00      -7.61408850e+00      -6.98522917e+00
      5.60000000e+02      -7.27029568e+00      -7.61592592e+00      -7.16778102e+00      -7.31488939e+00
      5.70000000e+02      -7.09481930e+00      -7.36742493e+00      -7.15690547e+00      -7.54974231e+00
      5.80000000e+02      -7.44294008e+00      -6.80161998e+00      -7.56481719e+00      -7.15951476e+00
      5.90000000e+02      -7.15283197e+00      -7.27900400e+00      -7.12875490e+00      -7.20830115e+00
      6.00000000e+02      -6.98806794e+00      -7.55104324e+00      -6.85868206e+00      -7.17109878e+00
      6.10000000e+02      -7.33394852e+00      -6.88252845e+00      -7.31767478e+00      -6.83474026e+00
      6.20000000e+02      -7.00448716e+00      -6.83528299e+00      -7.12879784e+00      -7.20032403e+00
      6.30000000e+02      -6.71078780e+00      -7.16532163e+00      -6.76582958e+00      -7.32695302e+00
      6.40000000e+02      -7.18272275e+00      -6.91261283e+00      -7.07557762e+00      -6.59797882e+00
      6.50000000e+02      -7.03477593e+00      -6.92377555e+00      -6.94631943e+00      -6.66402111e+00
      6.60000000e+02      -6.53367550e+00      -6.99417819e+00      -6.61323422e+00      -7.22780411e+00
      6.70000000e+02      -6.86097464e+00      -6.50053037e+00      -6.97424265e+00      -6.83314435e+00
      6.80000000e+02      -6.92874312e+00      -6.64276791e+00      -6.88450862e+00      -6.51287236e+00
      6.90000000e+02      -6.49352751e+00      -7.14101195e+00      -6.36646435e+00      -6.76788821e+00
      7.00000000e+02      -6.69378194e+00      -6.58159421e+00      -6.69839000e+00      -6.59512586e+00
      7.10000000e+02      -6.74536689e+00      -6.18615711e+00      -6.87386713e+00      -6.56350089e+00
      7.20000000e+02      -6.28967792e+00      -6.72496064e+00      -6.32514448e+00      -6.82910897e+00
      7.30000000e+02      -6.52899536e+00      -6.68660222e+00      -6.41155586e+00      -6.34173857e+00
      7.40000000e+02      -6.73134868e+00      -6.29499266e+00      -6.65925695e+00      -6.08329373e+00
      7.50000000e+02      -6.15603999e+00      -6.44150650e+00      -6.25099667e+00      -6.72034886e+00
      7.60000000e+02      -6.19535969e+00      -6.28890375e+00      -6.29706499e+00      -6.58756359e+00
      7.70000000e+02      -6.59246179e+00      -6.11645398e+00      -6.52922334e+00      -5.93075291e+00
      7.80000000e+02      -6.17536058e+00      -6.54808566e+00      -6.05393347e+00      -6.19151231e+00
      7.90000000e+02      -6.01710701e+00      -6.31740483e+00      -6.04247670e+00      -6.39190347e+00
      8.00000000e+02      -6.34032975e+00      -5.68954336e+00      -6.46966875e+00      -6.06935016e+00
      8.10000000e+02      -6.02844796e+00      -6.12654006e+00      -6.04341447e+00      -6.17048953e+00
      8.20000000e+02      -5.88863722e+00      -6.44119480e+00      -5.76396573e+00      -6.07509427e+00
      8.30000000e+02      -6.25516154e+00      -5.83526954e+00      -6.20131447e+00      -5.67714646e+00
      8.40000000e+02      -5.90775718e+00      -5.76435576e+00      -6.01563569e+00      -6.08114339e+00
      8.50000000e+02      -5.59625396e+00      -6.01598791e+00      -5.68374446e+00      -6.27290569e+00
      8.60000000e+02      -6.07298582e+00      -5.77008897e+00      -5.99239245e+00      -5.53342478e+00
      8.70000000e+02      -5.94222384e+00      -5.86389693e+00      -5.82959916e+00      -5.53317209e+00
      8.80000000e+02      -5.45103997e+00      -5.94390966e+00      -5.49650974e+00      -6.07743265e+00
      8.90000000e+02      -5.75857595e+00      -5.37628460e+00      -5.88538102e+00      -5.74865046e+00
      9.00000000e+02      -5.80563054e+00      -5.49047510e+00      -5.79970672e+00      -5.47307967e+00
      9.10000000e+02      -5.39324618e+00      -6.04442153e+00      -5.26459368e+00      -5.66663065e+00
      9.20000000e+02      -5.61803797e+00      -5.53371917e+00      -5.58383970e+00      -5.43329519e+00
      9.30000000e+02      -5.64766007e+00      -5.10455618e+00      -5.76564736e+00      -5.45102842e+00
      9.40000000e+02      -5.16952772e+00      -5.57518304e+00      -5.24052200e+00      -5.78365927e+00
      9.50000000e+02      -5.42314856e+00      -5.54994881e+00      -5.32730184e+00      -5.26849283e+00
      9.60000000e+02      -5.64401207e+00      -5.23900279e+00      -5.54312665e+00      -4.94275053e+00
      9.70000000e+02      -5.06781952e+00      -5.38990164e+00      -5.13220370e+00      -5.57896719e+00
      9.80000000e+02      -5.09038238e+00      -5.15597387e+00      -5.21134692e+00      -5.51118888e+00
      9.90000000e+02      -5.47380678e+00      -4.96311245e+00      -5.44714710e+00      -4.88482572e+00
      1.00000000e+03      -5.07493844e+00      -5.46396188e+00      -4.94565970e+00      -5.08433204e+00
      1.01000000e+03      -4.94060541e+00      -5.27072258e+00      -4.92694769e+00      -5.23061639e+00
      1.02000000e+03      -5.24352087e+00      -4.59485440e+00      -5.36854025e+00      -4.96197655e+00
      1.03000000e+03      -4.90476476e+00      -4.97605869e+00      -4.95741153e+00      -5.13065710e+00
      1.04000000e+03      -4.78360173e+00      -5.31459892e+00      -4.67500099e+00      -4.99569046e+00
      1.05000000e+03      -5.17384189e+00      -4.78088915e+00      -5.08732644e+00      -4.52683463e+00
      1.06000000e+03      -4.81593394e+00      -4.70786330e+00      -4.89755362e+00      -4.94754127e+00
      1.07000000e+03      -4.48579064e+00      -4.87826985e+00      -4.59776034e+00      -5.20707132e+00
      1.08000000e+03      -4.95951356e+00      -4.61685100e+00      -4.91281321e+00      -4.47971440e+00
      1.09000000e+03      -4.84451045e+00      -4.78898731e+00      -4.71797659e+00      -4.41741786e+00
      1.10000000e+03      -4.37056666e+00      -4.89963126e+00      -4.37780564e+00      -4.92088868e+00
      1.11000000e+03      -4.66190856e+00      -4.26904242e+00      -4.79070000e+00      -4.64724130e+00
      1.12000000e+03      -4.68219370e+00      -4.33744463e+00      -4.71512015e+00      -4.43413385e+00
      1.13000000e+03      -4.28719494e+00      -4.93053517e+00      -4.16867207e+00      -4.58249019e+00
      1.14000000e+03      -4.54071658e+00      -4.48129036e+00      -4.47082711e+00      -4.27605839e+00
      1.15000000e+03      -4.55525423e+00      -4.03880835e+00      -4.65198108e+00      -4.32284885e+00
      1.16000000e+03      -4.05269172e+00      -4.43482003e+00      -4.15274682e+00      -4.72863402e+00
      1.17000000e+03      -4.31294235e+00      -4.40047085e+00      -4.24741910e+00      -4.20806039e+00
      1.18000000e+03      -4.55199539e+00      -4.16960570e+00      -4.43150593e+00      -3.81578579e+00
      1.19000000e+03      -3.98259697e+00      -4.34684268e+00      -4.01054389e+00      -4.42890941e+00
      1.20000000e+03      -3.99094573e+00      -4.03919149e+00      -4.12015083e+00      -4.41860507e+00
      1.21000000e+03      -4.35384669e+00      -3.80629684e+00      -4.36619420e+00      -3.84255558e+00
      1.22000000e+03      -3.96867348e+00      -4.36250336e+00      -3.84331913e+00      -3.99439757e+00
      1.23000000e+03      -3.86353605e+00      -4.22216022e+00      -3.81209501e+00      -4.07110251e+00
      1.24000000e+03      -4.15231683e+00      -3.51697619e+00      -4.26162857e+00      -3.83797250e+00
      1.25000000e+03      -3.78350070e+00      -3.83259836e+00      -3.86903213e+00      -4.08376328e+00
      1.26000000e+03      -3.67369308e+00      -4.17340663e+00      -3.59105553e+00      -3.93073964e+00
      1.27000000e+03      -4.08850168e+00      -3.71501960e+00      -3.97719856e+00      -3.38817556e+00
      1.28000000e+03      -3.72782404e+00      -3.66229285e+00      -3.77575015e+00      -3.80302894e+00
      1.29000000e+03      -3.38051323e+00      -3.75544304e+00      -3.50676278e+00      -4.12617761e+00
      1.30000000e+03      -3.84384974e+00      -3.45743435e+00      -3.83529632e+00      -3.43231706e+00
      1.31000000e+03      -3.74100527e+00      -3.69718634e+00      -3.61208821e+00      -3.31861860e+00
      1.32000000e+03      -3.29051590e+00      -3.85623162e+00      -3.25886473e+00      -3.76328726e+00
      1.33000000e+03      -3.57106353e+00      -3.17907292e+00      -3.69010972e+00      -3.52865465e+00
      1.34000000e+03      -3.56020571e+00      -3.18887362e+00      -3.62898312e+00      -3.39083991e+00
      1.35000000e+03      -3.17583826e+00      -3.80071019e+00      -3.07824126e+00      -3.51411445e+00
      1.36000000e+03      -3.46019389e+00      -3.41953902e+00      -3.36097952e+00      -3.12819383e+00
      1.37000000e+03      -3.46718579e+00      -2.98607293e+00      -3.53384140e+00      -3.18180861e+00
      1.38000000e+03      -2.94049872e+00      -3.30776213e+00      -3.06050057e+00      -3.66015021e+00
      1.39000000e+03      -3.19976163e+00      -3.24223085e+00      -3.17053024e+00      -3.15639230e+00
      1.40000000e+03      -3.45441246e+00      -3.08418506e+00      -3.32529438e+00      -2.70502710e+00
      1.41000000e+03      -2.89872100e+00      -3.30746229e+00      -2.88768512e+00      -3.27505530e+00
      1.42000000e+03      -2.89743220e+00      -2.93966851e+00      -3.02310858e+00      -3.30871993e+00
      1.43000000e+03      -3.23436827e+00      -2.65123433e+00      -3.28459803e+00      -2.79873504e+00
      1.44000000e+03      -2.85675734e+00      -3.24424574e+00      -2.74674582e+00      -2.92119435e+00
      1.45000000e+03      -2.78419066e+00      -3.16667891e+00      -2.69965238e+00      -2.91843019e+00
      1.46000000e+03      -3.06601793e+00      -2.45382393e+00      -3.14966510e+00      -2.69945554e+00
      1.47000000e+03      -2.66617358e+00      -2.70057541e+00      -2.77679839e+00      -3.02542737e+00
      1.48000000e+03      -2.56011559e+00      -3.02111379e+00      -2.51096821e+00      -2.87679150e+00
      1.49000000e+03      -2.99803744e+00      -2.63437187e+00      -2.87208539e+00      -2.26451117e+00
      1.50000000e+03      -2.64192386e+00      -2.62316679e+00      -2.65179142e+00      -2.65214372e+00
      1.51000000e+03      -2.28110783e+00      -2.64945314e+00      -2.41013711e+00      -3.02835086e+00
      1.52000000e+03      -2.72777398e+00      -2.29698465e+00      -2.75814560e+00      -2.38617189e+00
      1.53000000e+03      -2.63164937e+00      -2.58822510e+00      -2.51209182e+00      -2.23714166e+00
      1.54000000e+03      -2.20917380e+00      -2.80856555e+00      -2.14151680e+00      -2.60988902e+00
      1.55000000e+03      -2.48566455e+00      -2.10513901e+00      -2.58412267e+00      -2.39426264e+00
      1.56000000e+03      -2.44137867e+00      -2.04963932e+00      -2.53974103e+00      -2.33848120e+00
      1.57000000e+03      -2.06022322e+00      -2.65784146e+00      -1.99244057e+00      -2.45879519e+00
      1.58000000e+03      -2.37524473e+00      -2.34464950e+00      -2.25574404e+00      -1.99373274e+00
      1.59000000e+03      -2.38221039e+00      -1.94245357e+00      -2.41272572e+00      -2.03206372e+00
      1.60000000e+03      -1.83400656e+00      -2.19682842e+00      -1.96302358e+00      -2.57569098e+00
      1.61000000e+03      -2.08544082e+00      -2.08025999e+00      -2.09515963e+00      -2.10880178e+00
      1.62000000e+03      -2.35107432e+00      -1.98179557e+00      -2.22508783e+00      -1.61183517e+00
      1.63000000e+03      -1.81465094e+00      -2.26678325e+00      -1.76564225e+00      -2.12287030e+00
      1.64000000e+03      -1.80996736e+00      -1.85720367e+00      -1.92067025e+00      -2.18228448e+00
      1.65000000e+03      -2.11742644e+00      -1.50333027e+00      -2.20095786e+00      -1.74861929e+00
      1.66000000e+03      -1.74026762e+00      -2.11164268e+00      -1.65561455e+00      -1.86305226e+00
      1.67000000e+03      -1.70151664e+00      -2.10028381e+00      -1.59158761e+00      -1.77747077e+00
      1.68000000e+03      -1.98397339e+00      -1.40247195e+00      -2.03434684e+00      -1.55039273e+00
      1.69000000e+03      -1.55452111e+00      -1.58397304e+00      -1.68015917e+00      -1.95291080e+00
      1.70000000e+03      -1.44512069e+00      -1.86291401e+00      -1.43392553e+00      -1.83004238e+00
      1.71000000e+03      -1.90261185e+00      -1.53780042e+00      -1.77348220e+00      -1.15861402e+00
      1.72000000e+03      -1.55742187e+00      -1.58634439e+00      -1.52834878e+00      -1.50098246e+00
      1.73000000e+03      -1.18881615e+00      -1.56175328e+00      -1.30887852e+00      -1.91432544e+00
      1.74000000e+03      -1.61437024e+00      -1.14199934e+00      -1.68087853e+00      -1.33730522e+00
      1.75000000e+03      -1.51832441e+00      -1.46489954e+00      -1.41900071e+00      -1.17322606e+00
      1.76000000e+03      -1.12660972e+00      -1.75349484e+00      -1.02913250e+00      -1.46724249e+00
      1.77000000e+03      -1.40677286e+00      -1.04638575e+00      -1.47570736e+00      -1.24879749e+00
      1.78000000e+03      -1.32929915e+00      -9.26052471e-01      -1.44827219e+00      -1.27539990e+00
      1.79000000e+03      -9.44348699e-01      -1.50861778e+00      -9.12510847e-01      -1.41511073e+00
      1.80000000e+03      -1.28803357e+00      -1.25685757e+00      -1.15913790e+00      -8.78353854e-01
      1.81000000e+03      -1.30207688e+00      -9.06558769e-01      -1.29372946e+00      -8.82075835e-01
      1.82000000e+03      -7.37583486e-01      -1.10722742e+00      -8.63873398e-01      -1.47811051e+00
      1.83000000e+03      -9.76487513e-01      -9.24351211e-01      -1.02418990e+00      -1.06446774e+00
      1.84000000e+03      -1.24735598e+00      -8.68238817e-01      -1.13592944e+00      -5.41047625e-01
      1.85000000e+03      -7.34569902e-01      -1.22573301e+00      -6.52131911e-01      -9.83667005e-01
      1.86000000e+03      -7.34887911e-01      -7.96440128e-01      -8.20624916e-01      -1.04818217e+00
      1.87000000e+03      -1.01244440e+00      -3.75084030e-01      -1.12160262e+00      -6.95591343e-01
      1.88000000e+03      -6.29298261e-01      -9.77477051e-01      -5.77587442e-01      -8.25583041e-01
      1.89000000e+03      -6.24841237e-01      -1.02965392e+00      -4.99576378e-01      -6.61796960e-01
      1.90000000e+03      -9.16362435e-01      -3.69954523e-01      -9.29049675e-01      -4.07215156e-01
      1.91000000e+03      -4.62342543e-01      -4.98385666e-01      -5.91561243e-01      -8.77857630e-01
      1.92000000e+03      -3.45899968e-01      -7.19145701e-01      -3.73478583e-01      -8.00118068e-01
      1.93000000e+03      -8.19413977e-01      -4.42084013e-01      -6.98799593e-01      -8.78414480e-02
      1.94000000e+03      -4.91511555e-01      -5.66086088e-01      -4.26355582e-01      -3.74578513e-01
      1.95000000e+03      -1.25012184e-01      -5.12566037e-01      -2.25336968e-01      -8.07066707e-01
      1.96000000e+03      -5.29809152e-01      -2.15581933e-02      -6.26283663e-01      -3.04839623e-01
      1.97000000e+03      -4.28810829e-01      -3.57332458e-01      -3.58550594e-01      -1.51270183e-01
      1.98000000e+03      -7.14065297e-02      -7.16807702e-01       4.70201282e-02      -3.69299473e-01
      1.99000000e+03      -3.66071563e-01      -3.13750830e-02      -3.99260928e-01      -1.29159391e-01
      2.00000000e+03      -2.60792966e-01       1.43202989e-01      -3.89533688e-01      -2.34998818e-01
      2.01000000e+03       1.31102215e-01      -3.96885631e-01       1.24117550e-01      -4.17386545e-01
      2.02000000e+03      -2.40166544e-01      -1.97211070e-01      -1.13607503e-01       1.74596543e-01
      2.03000000e+03      -2.70315361e-01       8.15965800e-02      -2.23785245e-01       2.18337583e-01
      2.04000000e+03       3.00901002e-01      -8.64138828e-02       1.88840830e-01      -4.15488649e-01
      2.05000000e+03       7.55449153e-02       1.69967451e-01      -5.98554698e-03      -6.95803681e-02
      2.06000000e+03      -1.96721390e-01       2.02506953e-01      -1.10152098e-01       4.56664087e-01
      2.07000000e+03       2.88015666e-01      -2.34333206e-01       3.96625773e-01       8.45785923e-02
      2.08000000e+03       2.73799656e-01       1.88701052e-01       2.21143887e-01       3.43042318e-02
      2.09000000e+03       2.28445175e-02       6.74107150e-01      -1.02256597e-01       3.07038859e-01
      2.10000000e+03       4.17438977e-01       9.89255625e-02       4.30922459e-01       1.38913427e-01
      2.11000000e+03       3.91393956e-01      -1.00651250e-02       5.20659323e-01       3.69627285e-01
      2.12000000e+03       8.35259670e-02       5.92725027e-01       1.10339003e-01       6.71355355e-01
      2.13000000e+03       5.56344646e-01       5.04327446e-01       4.35462192e-01       1.49146260e-01
      2.14000000e+03       6.87809241e-01       3.55983320e-01       6.23324581e-01       1.66513591e-01
      2.15000000e+03       2.06650634e-01       6.06448470e-01       3.07446752e-01       9.02424317e-01
      2.16000000e+03       5.15259944e-01       4.02617450e-01       6.11188864e-01       6.84300980e-01
      2.17000000e+03       8.77103952e-01       4.64840485e-01       8.06207868e-01       2.56623097e-01
      2.18000000e+03       4.98205017e-01       1.03263886e+00       3.80187271e-01       6.86070533e-01
      2.19000000e+03       6.14952554e-01       7.13024902e-01       6.49079636e-01       8.13250159e-01
      2.20000000e+03       9.46409214e-01       2.92515926e-01       1.07506231e+00       6.70301528e-01
      2.21000000e+03       6.36976622e-01       9.40784539e-01       6.42947989e-01       9.58260971e-01
      2.22000000e+03       7.71158309e-01       1.16555675e+00       6.44370440e-01       7.93199618e-01
      2.23000000e+03       1.18312257e+00       6.91467050e-01       1.13764630e+00       5.57940571e-01
      2.24000000e+03       7.98169715e-01       8.63437240e-01       9.10782140e-01       1.19419583e+00
      2.25000000e+03       7.55299091e-01       1.06781912e+00       8.35866437e-01       1.30445076e+00
      2.26000000e+03       1.33365649e+00       9.18929259e-01       1.24614562e+00       6.61947548e-01
      2.27000000e+03       1.13088146e+00       1.26053952e+00       1.02302858e+00       9.43829715e-01
      2.28000000e+03       8.72867581e-01       1.29914722e+00       9.26755017e-01       1.45741126e+00
      2.29000000e+03       1.33802148e+00       7.93801497e-01       1.46267313e+00       1.15985410e+00
      2.30000000e+03       1.30866077e+00       1.19731048e+00       1.29363898e+00       1.15315085e+00
      2.31000000e+03       1.08833891e+00       1.74192790e+00       9.59006307e-01       1.36209592e+00
      2.32000000e+03       1.50712378e+00       1.21774378e+00       1.48182753e+00       1.14346431e+00
      2.33000000e+03       1.46008887e+00       1.07540498e+00       1.58153574e+00       1.43207252e+00
      2.34000000e+03       1.13737079e+00       1.61239528e+00       1.20053604e+00       1.79788075e+00
      2.35000000e+03       1.62734213e+00       1.54664037e+00       1.52558897e+00       1.24781264e+00
      2.36000000e+03       1.77761421e+00       1.48250828e+00       1.68271880e+00       1.20384841e+00
      2.37000000e+03       1.29976064e+00       1.73123198e+00       1.37192143e+00       1.94317518e+00
      2.38000000e+03       1.59286134e+00       1.44884824e+00       1.71025689e+00       1.79360221e+00
      2.39000000e+03       1.94211264e+00       1.50044085e+00       1.90655911e+00       1.39600409e+00
      2.40000000e+03       1.58710373e+00       2.13816127e+00       1.45862115e+00       1.76083957e+00
      2.41000000e+03       1.72785582e+00       1.85320887e+00       1.72334465e+00       1.83997877e+00
      2.42000000e+03       2.03616000e+00       1.38575199e+00       2.16323675e+00       1.75894605e+00
      2.43000000e+03       1.70491317e+00       1.98013620e+00       1.74905371e+00       2.10974095e+00
      2.44000000e+03       1.86121483e+00       2.23364343e+00       1.74790344e+00       1.90086543e+00
      2.45000000e+03       2.29390477e+00       1.83424456e+00       2.21442828e+00       1.60086245e+00
      2.46000000e+03       1.89957618e+00       1.99780100e+00       1.98810228e+00       2.25780036e+00
      2.47000000e+03       1.84049818e+00       2.12029823e+00       1.94758137e+00       2.43476332e+00
      2.48000000e+03       2.41490366e+00       1.96513859e+00       2.35977127e+00       1.80320801e+00
      2.49000000e+03       2.23020685e+00       2.38587251e+00       2.10592998e+00       2.02090950e+00
      2.50000000e+03       1.99063794e+00       2.44853201e+00       2.00701365e+00       2.49664664e+00
      2.51000000e+03       2.43582826e+00       1.88087277e+00       2.56521216e+00       2.26084063e+00
      2.52000000e+03       2.38174988e+00       2.24241698e+00       2.40572397e+00       2.31279758e+00
      2.53000000e+03       2.18344897e+00       2.82783031e+00       2.06154178e+00       2.46981057e+00
      2.54000000e+03       2.62762184e+00       2.36568211e+00       2.56563004e+00       2.18364872e+00
      2.55000000e+03       2.56351742e+00       2.20584015e+00       2.66609182e+00       2.50709075e+00
      2.56000000e+03       2.22013995e+00       2.66613034e+00       2.31412077e+00       2.94211207e+00
      2.57000000e+03       2.71656464e+00       2.59889471e+00       2.64329908e+00       2.38371254e+00
      2.58000000e+03       2.88401806e+00       2.61716247e+00       2.76718840e+00       2.27407390e+00
      2.59000000e+03       2.41473376e+00       2.88396697e+00       2.45156444e+00       2.99215319e+00
      2.60000000e+03       2.69158146e+00       2.52704513e+00       2.81989719e+00       2.90387307e+00
      2.61000000e+03       3.01969311e+00       2.54523650e+00       3.02287932e+00       2.55456890e+00
      2.62000000e+03       2.68293193e+00       3.23886841e+00       2.55560988e+00       2.86495077e+00
      2.63000000e+03       2.85139578e+00       3.00419565e+00       2.80850258e+00       2.87825196e+00
      2.64000000e+03       3.14123981e+00       2.50563362e+00       3.25518508e+00       2.84027395e+00
      2.65000000e+03       2.78340232e+00       3.03339076e+00       2.86183093e+00       3.26369637e+00
      2.66000000e+03       2.95333454e+00       3.29397150e+00       2.86384828e+00       3.03115508e+00
      2.67000000e+03       3.40740371e+00       2.97304829e+00       3.30106759e+00       2.66077980e+00
      2.68000000e+03       3.01077553e+00       3.14949202e+00       3.06709939e+00       3.31492335e+00
      2.69000000e+03       2.93539359e+00       3.19186631e+00       3.05929506e+00       3.55572688e+00
      2.70000000e+03       3.49771623e+00       3.00824068e+00       3.48003273e+00       2.95628435e+00
      2.71000000e+03       3.32766059e+00       3.49821282e+00       3.19824427e+00       3.11814897e+00
      2.72000000e+03       3.11242039e+00       3.60333380e+00       3.08974362e+00       3.53676194e+00
      2.73000000e+03       3.54217831e+00       2.98812493e+00       3.66452257e+00       3.34742741e+00
      2.74000000e+03       3.45835283e+00       3.29304225e+00       3.51918438e+00       3.47166756e+00
      2.75000000e+03       3.27517272e+00       3.89943223e+00       3.17179963e+00       3.59583651e+00
      2.76000000e+03       3.74702546e+00       3.50728013e+00       3.65395557e+00       3.23397424e+00
      2.77000000e+03       3.67317601e+00       3.35158425e+00       3.74752395e+00       3.56994570e+00
      2.78000000e+03       3.30862472e+00       3.73365690e+00       3.42488106e+00       4.07506188e+00
      2.79000000e+03       3.80354778e+00       3.64255254e+00       3.76545600e+00       3.53066304e+00
      2.80000000e+03       3.98606571e+00       3.73725897e+00       3.85792992e+00       3.36095969e+00
      2.81000000e+03       3.53235219e+00       4.04241941e+00       3.53048302e+00       4.03695470e+00
      2.82000000e+03       3.79686057e+00       3.62316770e+00       3.92441344e+00       3.99776274e+00
      2.83000000e+03       4.09798012e+00       3.59115182e+00       4.13962845e+00       3.71343925e+00
      2.84000000e+03       3.77359467e+00       4.32301390e+00       3.65903042e+00       3.98655591e+00
      2.85000000e+03       3.97346376e+00       4.14992805e+00       3.89608696e+00       3.92271145e+00
      2.86000000e+03       4.25182643e+00       3.64125112e+00       4.34225963e+00       3.90684840e+00
      2.87000000e+03       3.86586975e+00       4.09740747e+00       3.97144942e+00       4.40745433e+00
      2.88000000e+03       4.04170881e+00       4.34258515e+00       3.98420211e+00       4.17368034e+00
      2.89000000e+03       4.51622278e+00       4.09798123e+00       4.39270884e+00       3.73525903e+00
      2.90000000e+03       4.12479784e+00       4.30889989e+00       4.14378497e+00       4.36468467e+00
      2.91000000e+03       4.03617645e+00       4.28012758e+00       4.16561179e+00       4.66024705e+00
      2.92000000e+03       4.57979188e+00       4.04921735e+00       4.60117099e+00       4.11197819e+00
      2.93000000e+03       4.41936714e+00       4.59336712e+00       4.29659917e+00       4.23282051e+00
      2.94000000e+03       4.23336435e+00       4.75514460e+00       4.17369833e+00       4.57994222e+00
      2.95000000e+03       4.65412268e+00       4.11191608e+00       4.75828296e+00       4.41782336e+00
      2.96000000e+03       4.53779350e+00       4.35189994e+00       4.62994338e+00       4.62250382e+00
      2.97000000e+03       4.36234811e+00       4.95718885e+00       4.28692607e+00       4.73567320e+00
      2.98000000e+03       4.86219404e+00       4.63655086e+00       4.74652273e+00       4.29686420e+00
      2.99000000e+03       4.78623209e+00       4.50736767e+00       4.82558040e+00       4.62294724e+00
      3.00000000e+03       4.40253986e+00       4.81668444e+00       4.53048250e+00       5.19241622e+00
      3.01000000e+03       4.88879866e+00       4.68118561e+00       4.88935106e+00       4.68278330e+00
      3.02000000e+03       5.08224702e+00       4.84031204e+00       4.95447666e+00       4.46507852e+00
      3.03000000e+03       4.64999989e+00       5.20056450e+00       4.60960050e+00       5.08194495e+00
      3.04000000e+03       4.90796316e+00       4.73638378e+00       5.02313439e+00       5.07462412e+00
      3.05000000e+03       5.17810467e+00       4.64273500e+00       5.25442184e+00       4.86683957e+00
      3.06000000e+03       4.85913133e+00       5.39177742e+00       4.76776068e+00       5.12342725e+00
      3.07000000e+03       5.09203900e+00       5.28531003e+00       4.98722661e+00       4.97751667e+00
      3.08000000e+03       5.36645540e+00       4.78906662e+00       5.42513883e+00       4.96142709e+00
      3.09000000e+03       4.95321321e+00       5.17549854e+00       5.07632686e+00       5.53704494e+00
      3.10000000e+03       5.12751422e+00       5.38347328e+00       5.10722552e+00       5.32386616e+00
      3.11000000e+03       5.61933263e+00       5.20649311e+00       5.48989167e+00       4.82635739e+00
      3.12000000e+03       5.23972609e+00       5.47082055e+00       5.21964680e+00       5.41187699e+00
      3.13000000e+03       5.14292261e+00       5.38564427e+00       5.26610157e+00       5.74739761e+00
      3.14000000e+03       5.66275920e+00       5.09314372e+00       5.72125359e+00       5.26490517e+00
      3.15000000e+03       5.50549572e+00       5.67209482e+00       5.40055906e+00       5.36390771e+00
      3.16000000e+03       5.35167309e+00       5.89890054e+00       5.26045272e+00       5.63102659e+00
      3.17000000e+03       5.77073890e+00       5.24971782e+00       5.84722720e+00       5.47436466e+00
      3.18000000e+03       5.62141725e+00       5.42310107e+00       5.73649157e+00       5.76103430e+00
      3.19000000e+03       5.44617916e+00       6.00476993e+00       5.40557841e+00       5.88551234e+00
      3.20000000e+03       5.97203874e+00       5.75040980e+00       5.84430251e+00       5.37528441e+00
      3.21000000e+03       5.90104099e+00       5.66845763e+00       5.90180539e+00       5.67072708e+00
      3.22000000e+03       5.50237491e+00       5.91673456e+00       5.63034953e+00       6.29256771e+00
      3.23000000e+03       5.97404057e+00       5.71992775e+00       6.01318686e+00       5.83486717e+00
      3.24000000e+03       6.17254784e+00       5.92633814e+00       6.05678153e+00       5.58635046e+00
      3.25000000e+03       5.76589534e+00       6.35322097e+00       5.69064570e+00       6.13225160e+00
      3.26000000e+03       6.02430169e+00       5.86501598e+00       6.11660033e+00       6.13609123e+00
      3.27000000e+03       6.26162726e+00       5.70460403e+00       6.36566153e+00       6.01011204e+00
      3.28000000e+03       5.94058251e+00       6.44824392e+00       5.88072842e+00       6.27244565e+00
      3.29000000e+03       6.20585658e+00       6.40665839e+00       6.08315596e+00       6.04632520e+00
      3.30000000e+03       6.48366902e+00       5.94482114e+00       6.50525718e+00       6.00824442e+00
      3.31000000e+03       6.04622225e+00       6.26999853e+00       6.17565544e+00       6.65011116e+00
      3.32000000e+03       6.21243599e+00       6.42160671e+00       6.23121340e+00       6.47672691e+00
      3.33000000e+03       6.71645585e+00       6.29778338e+00       6.59287866e+00       5.93486075e+00
      3.34000000e+03       6.35377601e+00       6.63002085e+00       6.29645931e+00       6.46171810e+00
      3.35000000e+03       6.25534065e+00       6.50757569e+00       6.36104283e+00       6.81801073e+00
      3.36000000e+03       6.74830362e+00       6.14498030e+00       6.83858502e+00       6.41009659e+00
      3.37000000e+03       6.58685611e+00       6.73677518e+00       6.50930947e+00       6.50902040e+00
      3.38000000e+03       6.46590527e+00       7.03037826e+00       6.35143984e+00       6.69423343e+00
      3.39000000e+03       6.89076292e+00       6.39782716e+00       6.93261191e+00       6.52075044e+00
      3.40000000e+03       6.71026738e+00       6.50970824e+00       6.83778400e+00       6.88418843e+00
      3.41000000e+03       6.52824934e+00       7.04683123e+00       6.52616821e+00       7.04069489e+00
      3.42000000e+03       7.07600706e+00       6.84724237e+00       6.94784141e+00       6.47084847e+00
      3.43000000e+03       7.01584534e+00       6.82969039e+00       6.97795621e+00       6.71844299e+00
      3.44000000e+03       6.60813009e+00       7.03381059e+00       6.72447947e+00       7.37551042e+00
      3.45000000e+03       7.06102869e+00       6.76394159e+00       7.13520302e+00       6.98175290e+00
      3.46000000e+03       7.25751521e+00       6.99694039e+00       7.16429813e+00       6.72316810e+00
      3.47000000e+03       6.87845099e+00       7.49572596e+00       6.77520560e+00       7.19253490e+00
      3.48000000e+03       7.14483212e+00       7.00600622e+00       7.20585066e+00       7.18522410e+00
      3.49000000e+03       7.34981057e+00       6.78046500e+00       7.47208546e+00       7.13954769e+00
      3.50000000e+03       7.01938405e+00       7.49662726e+00       6.99649866e+00       7.42939438e+00
      3.51000000e+03       7.31409968e+00       7.51158142e+00       7.18468767e+00       7.13153121e+00
      3.52000000e+03       7.60177786e+00       7.10355230e+00       7.58430429e+00       7.05226116e+00
      3.53000000e+03       7.14518567e+00       7.38175146e+00       7.26914831e+00       7.74580581e+00
      3.54000000e+03       7.29825163e+00       7.46221196e+00       7.35438469e+00       7.62703859e+00
      3.55000000e+03       7.80785926e+00       7.37263579e+00       7.70140251e+00       7.05998495e+00
      3.56000000e+03       7.46525295e+00       7.78151827e+00       7.37591984e+00       7.51918707e+00
      3.57000000e+03       7.37263318e+00       7.64358565e+00       7.45123014e+00       7.87442480e+00
      3.58000000e+03       7.83787223e+00       7.20897930e+00       7.95171691e+00       7.54330094e+00
      3.59000000e+03       7.66469736e+00       7.79106972e+00       7.62160446e+00       7.66449349e+00
      3.60000000e+03       7.57500120e+00       8.14646914e+00       7.44771740e+00       7.77267291e+00
      3.61000000e+03       8.01261607e+00       7.55161194e+00       8.01601372e+00       7.56161455e+00
      3.62000000e+03       7.80491217e+00       7.61338424e+00       7.93325558e+00       7.99029992e+00
      3.63000000e+03       7.61031253e+00       8.08852528e+00       7.64694059e+00       8.19606914e+00
      3.64000000e+03       8.17407810e+00       7.92699201e+00       8.05715767e+00       7.58361540e+00
      3.65000000e+03       8.12888617e+00       7.98589426e+00       8.05579483e+00       7.77126355e+00
      3.66000000e+03       7.71927590e+00       8.16635789e+00       7.81340176e+00       8.44279888e+00
      3.67000000e+03       8.15135681e+00       7.81791395e+00       8.25380263e+00       8.11875667e+00
      3.68000000e+03       8.33817737e+00       8.05513329e+00       8.27600069e+00       7.87251434e+00
      3.69000000e+03       7.98639224e+00       8.62433418e+00       7.86455574e+00       8.26653916e+00
      3.70000000e+03       8.26812809e+00       8.15517250e+00       8.29230835e+00       8.22620802e+00
      3.71000000e+03       8.44348627e+00       7.87275707e+00       8.57286372e+00       8.25270552e+00
      3.72000000e+03       8.09722062e+00       8.54187114e+00       8.11338855e+00       8.58932791e+00
      3.73000000e+03       8.41646097e+00       8.59918277e+00       8.29212572e+00       8.23403438e+00
      3.74000000e+03       8.71900333e+00       8.26003494e+00       8.66405970e+00       8.09870150e+00
      3.75000000e+03       8.24985558e+00       8.51002468e+00       8.35705589e+00       8.82485896e+00
      3.76000000e+03       8.38666095e+00       8.51028716e+00       8.47503651e+00       8.76980612e+00
      3.77000000e+03       8.89432260e+00       8.43333998e+00       8.81468345e+00       8.19944034e+00
      3.78000000e+03       8.57270025e+00       8.92102875e+00       8.45948810e+00       8.58856489e+00
      3.79000000e+03       8.49356439e+00       8.79005021e+00       8.53789673e+00       8.92026630e+00
      3.80000000e+03       8.93253778e+00       8.28829315e+00       9.05957559e+00       8.66136673e+00
      3.81000000e+03       8.74059031e+00       8.83958495e+00       8.73587651e+00       8.82571712e+00
      3.82000000e+03       8.67837616e+00       9.24545927e+00       8.54986827e+00       8.86806081e+00
      3.83000000e+03       9.13454619e+00       8.70593008e+00       9.09918300e+00       8.60210088e+00
      3.84000000e+03       8.90539094e+00       8.73423833e+00       9.02287032e+00       9.07925618e+00
      3.85000000e+03       8.69413125e+00       9.13503012e+00       8.76613204e+00       9.34645800e+00
      3.86000000e+03       9.26676275e+00       8.99116377e+00       9.17173784e+00       8.71208268e+00
      3.87000000e+03       9.23856172e+00       9.13235907e+00       9.13692607e+00       8.83389581e+00
      3.88000000e+03       8.83480015e+00       9.31140424e+00       8.89812855e+00       9.49740535e+00
      3.89000000e+03       9.24631102e+00       8.88562802e+00       9.36769653e+00       9.24209835e+00
      3.90000000e+03       9.41594936e+00       9.10506713e+00       9.39047675e+00       9.03023632e+00
      3.91000000e+03       9.08887279e+00       9.73655824e+00       8.95954329e+00       9.35675086e+00
      3.92000000e+03       9.39251014e+00       9.30758931e+00       9.37764953e+00       9.26397183e+00
      3.93000000e+03       9.54297878e+00       8.98242962e+00       9.66767379e+00       9.34863427e+00
      3.94000000e+03       9.17587178e+00       9.58919822e+00       9.22962029e+00       9.74702179e+00
      3.95000000e+03       9.51316999e+00       9.67014282e+00       9.40523722e+00       9.35315768e+00
      3.96000000e+03       9.83363935e+00       9.40925668e+00       9.74623048e+00       9.15257683e+00
      3.97000000e+03       9.35946979e+00       9.65257519e+00       9.44014288e+00       9.88951110e+00
      3.98000000e+03       9.47913089e+00       9.57014662e+00       9.59169880e+00       9.90071828e+00
      3.99000000e+03       9.97706732e+00       9.48348263e+00       9.93150012e+00       9.34964016e+00
      4.00000000e+03       9.67503187e+00       1.00453566e+01       9.54825318e+00       9.67304424e+00
      4.01000000e+03       9.61657240e+00       9.94238779e+00       9.62260188e+00       9.96011941e+00
      4.02000000e+03       1.00329007e+01       9.38468725e+00       1.01615597e+01       9.76252943e+00
      4.03000000e+03       9.81628462e+00       9.88745252e+00       9.85037929e+00       9.98755631e+00
      4.04000000e+03       9.77597343e+00       1.03271855e+01       9.65794727e+00       9.98056213e+00
      4.05000000e+03       1.02547870e+01       9.85559796e+00       1.01838842e+01       9.64739477e+00
      4.06000000e+03       1.00112106e+01       9.87081603e+00       1.01071247e+01       1.01525083e+01
      4.07000000e+03       9.78131601e+00       1.01910777e+01       9.88213098e+00       1.04871306e+01
      4.08000000e+03       1.03550570e+01       1.00426872e+01       1.02905834e+01       9.85332321e+00
      4.09000000e+03       1.03435735e+01       1.02652651e+01       1.02226515e+01       9.91015638e+00
      4.10000000e+03       9.95330012e+00       1.04648306e+01       9.98006246e+00       1.05434490e+01
      4.11000000e+03       1.03467524e+01       9.96961889e+00       1.04760206e+01       1.03492459e+01
      4.12000000e+03       1.04925042e+01       1.01516498e+01       1.05060559e+01       1.01914235e+01
      4.13000000e+03       1.01855518e+01       1.08313951e+01       1.00605100e+01       1.04641721e+01
      4.14000000e+03       1.05161985e+01       1.04580364e+01       1.04636507e+01       1.03037391e+01
      4.15000000e+03       1.06480758e+01       1.01088557e+01       1.07567299e+01       1.04279589e+01
      4.16000000e+03       1.02570500e+01       1.06436343e+01       1.03434831e+01       1.08974485e+01
      4.17000000e+03       1.06049721e+01       1.07266568e+01       1.05232734e+01       1.04867092e+01
      4.18000000e+03       1.09442078e+01       1.05468744e+01       1.08322958e+01       1.02182292e+01
      4.19000000e+03       1.04728214e+01       1.08058539e+01       1.05196187e+01       1.09433089e+01
      4.20000000e+03       1.05767617e+01       1.06450280e+01       1.07032682e+01       1.10165405e+01
