      0.00000000e+00       1.32657253e+01       1.00000000e-01       1.31657253e+01      -1.00000000e+00      -1.01422230e+01
      1.00000000e+01       1.32646881e+01       1.12574922e+01       2.00719589e+00      -1.00000000e+00      -1.00922230e+01
      2.00000000e+01       1.32650535e+01       6.89313661e+00       6.37191692e+00      -1.00000000e+00      -1.00422230e+01
      3.00000000e+01       1.32655707e+01       2.28647214e+00       1.09790986e+01      -1.00000000e+00      -9.99222300e+00
      4.00000000e+01       1.32645628e+01       1.20001815e+01       1.26438132e+00      -1.00000000e+00      -9.94222300e+00
      5.00000000e+01       1.32653415e+01       4.34284759e+00       8.92249387e+00      -1.00000000e+00      -9.89222300e+00
      6.00000000e+01       1.32653392e+01       4.48603055e+00       8.77930861e+00      -1.00000000e+00      -9.84222300e+00
      7.00000000e+01       1.32645707e+01       1.18130592e+01       1.45151152e+00      -1.00000000e+00      -9.79222300e+00
      8.00000000e+01       1.32655563e+01       2.51710990e+00       1.07484464e+01      -1.00000000e+00      -9.74222300e+00
      9.00000000e+01       1.32650697e+01       6.67604455e+00       6.58902514e+00      -1.00000000e+00      -9.69222300e+00
      1.00000000e+02       1.32646781e+01       1.13768818e+01       1.88779633e+00      -1.00000000e+00      -9.64222300e+00
      1.10000000e+02       1.32657233e+01       1.37703571e-01       1.31280198e+01      -1.00000000e+00      -9.59222300e+00
      1.20000000e+02       1.32647017e+01       1.10669491e+01       2.19775259e+00      -1.00000000e+00      -9.54222300e+00
      1.30000000e+02       1.32650344e+01       7.16944140e+00       6.09559304e+00      -1.00000000e+00      -9.49222300e+00
      1.40000000e+02       1.32655872e+01       2.01415057e+00       1.12514366e+01      -1.00000000e+00      -9.44222300e+00
      1.50000000e+02       1.32645540e+01       1.22083948e+01       1.05615923e+00      -1.00000000e+00      -9.39222300e+00
      1.60000000e+02       1.32653437e+01       4.20009442e+00       9.06524929e+00      -1.00000000e+00      -9.34222300e+00
      1.70000000e+02       1.32653379e+01       4.60778324e+00       8.65755465e+00      -1.00000000e+00      -9.29222300e+00
      1.80000000e+02       1.32645766e+01       1.16667814e+01       1.59779524e+00      -1.00000000e+00      -9.24222300e+00
      1.90000000e+02       1.32655446e+01       2.69033184e+00       1.05752128e+01      -1.00000000e+00      -9.19222300e+00
      2.00000000e+02       1.32650824e+01       6.52833376e+00       6.73674862e+00      -1.00000000e+00      -9.14222300e+00
      2.10000000e+02       1.32646719e+01       1.14215232e+01       1.84314876e+00      -1.00000000e+00      -9.09222300e+00
      2.20000000e+02       1.32657177e+01       2.47469248e-01       1.30182484e+01      -1.00000000e+00      -9.04222300e+00
      2.30000000e+02       1.32647184e+01       1.08152117e+01       2.44950668e+00      -1.00000000e+00      -8.99222300e+00
      2.40000000e+02       1.32650132e+01       7.48937061e+00       5.77564257e+00      -1.00000000e+00      -8.94222300e+00
      2.50000000e+02       1.32656046e+01       1.71982507e+00       1.15457795e+01      -1.00000000e+00      -8.89222300e+00
      2.60000000e+02       1.32645453e+01       1.24158530e+01       8.48692331e-01      -1.00000000e+00      -8.84222300e+00
      2.70000000e+02       1.32653448e+01       4.07966480e+00       9.18567998e+00      -1.00000000e+00      -8.79222300e+00
      2.80000000e+02       1.32653386e+01       4.68827362e+00       8.57706501e+00      -1.00000000e+00      -8.74222300e+00
      2.90000000e+02       1.32645798e+01       1.15772091e+01       1.68737071e+00      -1.00000000e+00      -8.69222300e+00
      3.00000000e+02       1.32655363e+01       2.79578506e+00       1.04697512e+01      -1.00000000e+00      -8.64222300e+00
      3.10000000e+02       1.32650914e+01       6.45383008e+00       6.81126135e+00      -1.00000000e+00      -8.59222300e+00
      3.20000000e+02       1.32646694e+01       1.13945112e+01       1.87015822e+00      -1.00000000e+00      -8.54222300e+00
      3.30000000e+02       1.32657088e+01       4.19566592e-01       1.28461423e+01      -1.00000000e+00      -8.49222300e+00
      3.40000000e+02       1.32647375e+01       1.05176992e+01       2.74703832e+00      -1.00000000e+00      -8.44222300e+00
      3.50000000e+02       1.32649907e+01       7.83333292e+00       5.43165782e+00      -1.00000000e+00      -8.39222300e+00
      3.60000000e+02       1.32656220e+01       1.42533248e+00       1.18402895e+01      -1.00000000e+00      -8.34222300e+00
      3.70000000e+02       1.32645379e+01       1.26006087e+01       6.63929137e-01      -1.00000000e+00      -8.29222300e+00
      3.80000000e+02       1.32653437e+01       4.00148897e+00       9.26385475e+00      -1.00000000e+00      -8.24222300e+00
      3.90000000e+02       1.32653422e+01       4.71150710e+00       8.55383511e+00      -1.00000000e+00      -8.19222300e+00
      4.00000000e+02       1.32645797e+01       1.15548650e+01       1.70971474e+00      -1.00000000e+00      -8.14222300e+00
      4.10000000e+02       1.32655314e+01       2.82943694e+00       1.04360945e+01      -1.00000000e+00      -8.09222300e+00
      4.20000000e+02       1.32650970e+01       6.44967139e+00       6.81542556e+00      -1.00000000e+00      -8.04222300e+00
      4.30000000e+02       1.32646700e+01       1.13053458e+01       1.95932426e+00      -1.00000000e+00      -7.99222300e+00
      4.40000000e+02       1.32656975e+01       6.38766015e-01       1.26269315e+01      -1.00000000e+00      -7.94222300e+00
      4.50000000e+02       1.32647579e+01       1.01938884e+01       3.07086954e+00      -1.00000000e+00      -7.89222300e+00
      4.60000000e+02       1.32649682e+01       8.17951527e+00       5.08545294e+00      -1.00000000e+00      -7.84222300e+00
      4.70000000e+02       1.32656382e+01       1.15267918e+00       1.21129590e+01      -1.00000000e+00      -7.79222300e+00
      4.80000000e+02       1.32645326e+01       1.27426133e+01       5.21919277e-01      -1.00000000e+00      -7.74222300e+00
      4.90000000e+02       1.32653397e+01       3.98171505e+00       9.28362465e+00      -1.00000000e+00      -7.69222300e+00
      5.00000000e+02       1.32653491e+01       4.66678643e+00       8.59856269e+00      -1.00000000e+00      -7.64222300e+00
      5.10000000e+02       1.32645761e+01       1.16039741e+01       1.66060204e+00      -1.00000000e+00      -7.59222300e+00
      5.20000000e+02       1.32655300e+01       2.79394064e+00       1.04715893e+01      -1.00000000e+00      -7.54222300e+00
      5.30000000e+02       1.32650994e+01       6.50657163e+00       6.75852781e+00      -1.00000000e+00      -7.49222300e+00
      5.40000000e+02       1.32646731e+01       1.11690644e+01       2.09560873e+00      -1.00000000e+00      -7.44222300e+00
      5.50000000e+02       1.32656847e+01       8.85725897e-01       1.23799589e+01      -1.00000000e+00      -7.39222300e+00
      5.60000000e+02       1.32647787e+01       9.86554272e+00       3.39923595e+00      -1.00000000e+00      -7.34222300e+00
      5.70000000e+02       1.32649467e+01       8.50586660e+00       4.75908008e+00      -1.00000000e+00      -7.29222300e+00
      5.80000000e+02       1.32656522e+01       9.22038146e-01       1.23436141e+01      -1.00000000e+00      -7.24222300e+00
      5.90000000e+02       1.32645304e+01       1.28255444e+01       4.38986068e-01      -1.00000000e+00      -7.19222300e+00
      6.00000000e+02       1.32653322e+01       4.03123512e+00       9.23409706e+00      -1.00000000e+00      -7.14222300e+00
      6.10000000e+02       1.32653596e+01       4.54968907e+00       8.71567054e+00      -1.00000000e+00      -7.09222300e+00
      6.20000000e+02       1.32645692e+01       1.17220783e+01       1.54249089e+00      -1.00000000e+00      -7.04222300e+00
      6.30000000e+02       1.32655315e+01       2.69839143e+00       1.05671400e+01      -1.00000000e+00      -6.99222300e+00
      6.40000000e+02       1.32650996e+01       6.60966994e+00       6.65542969e+00      -1.00000000e+00      -6.94222300e+00
      6.50000000e+02       1.32646777e+01       1.10048697e+01       2.25980797e+00      -1.00000000e+00      -6.89222300e+00
      6.60000000e+02       1.32656716e+01       1.13875420e+00       1.21269174e+01      -1.00000000e+00      -6.84222300e+00
      6.70000000e+02       1.32647986e+01       9.55473196e+00       3.71006663e+00      -1.00000000e+00      -6.79222300e+00
      6.80000000e+02       1.32649272e+01       8.79210328e+00       4.47282390e+00      -1.00000000e+00      -6.74222300e+00
      6.90000000e+02       1.32656632e+01       7.49912996e-01       1.25157502e+01      -1.00000000e+00      -6.69222300e+00
      7.00000000e+02       1.32645318e+01       1.28382934e+01       4.26238479e-01      -1.00000000e+00      -6.64222300e+00
      7.10000000e+02       1.32653209e+01       4.15468992e+00       9.11063101e+00      -1.00000000e+00      -6.59222300e+00
      7.20000000e+02       1.32653736e+01       4.36247288e+00       8.90290068e+00      -1.00000000e+00      -6.54222300e+00
      7.30000000e+02       1.32645594e+01       1.19002595e+01       1.36429985e+00      -1.00000000e+00      -6.49222300e+00
      7.40000000e+02       1.32655351e+01       2.55749621e+00       1.07080389e+01      -1.00000000e+00      -6.44222300e+00
      7.50000000e+02       1.32650985e+01       6.73988760e+00       6.52521086e+00      -1.00000000e+00      -6.39222300e+00
      7.60000000e+02       1.32646826e+01       1.08343782e+01       2.43030437e+00      -1.00000000e+00      -6.34222300e+00
      7.70000000e+02       1.32656591e+01       1.37578414e+00       1.18898749e+01      -1.00000000e+00      -6.29222300e+00
      7.80000000e+02       1.32648167e+01       9.28182479e+00       3.98299189e+00      -1.00000000e+00      -6.24222300e+00
      7.90000000e+02       1.32649106e+01       9.02155353e+00       4.24335703e+00      -1.00000000e+00      -6.19222300e+00
      8.00000000e+02       1.32656706e+01       6.47636186e-01       1.26180344e+01      -1.00000000e+00      -6.14222300e+00
      8.10000000e+02       1.32645371e+01       1.27759791e+01       4.88557995e-01      -1.00000000e+00      -6.09222300e+00
      8.20000000e+02       1.32653061e+01       4.35004302e+00       8.91526304e+00      -1.00000000e+00      -6.04222300e+00
      8.30000000e+02       1.32653905e+01       4.11387334e+00       9.15151718e+00      -1.00000000e+00      -5.99222300e+00
      8.40000000e+02       1.32645474e+01       1.21239513e+01       1.14059605e+00      -1.00000000e+00      -5.94222300e+00
      8.50000000e+02       1.32655400e+01       2.39023184e+00       1.08753082e+01      -1.00000000e+00      -5.89222301e+00
      8.60000000e+02       1.32650970e+01       6.87566925e+00       6.38942776e+00      -1.00000000e+00      -5.84222301e+00
      8.70000000e+02       1.32646868e+01       1.06796490e+01       2.58503782e+00      -1.00000000e+00      -5.79222301e+00
      8.80000000e+02       1.32656483e+01       1.57638391e+00       1.16892644e+01      -1.00000000e+00      -5.74222301e+00
      8.90000000e+02       1.32648321e+01       9.06363603e+00       4.20119604e+00      -1.00000000e+00      -5.69222301e+00
      9.00000000e+02       1.32648974e+01       9.18267282e+00       4.08222455e+00      -1.00000000e+00      -5.64222301e+00
      9.10000000e+02       1.32656742e+01       6.20338222e-01       1.26453360e+01      -1.00000000e+00      -5.59222301e+00
      9.20000000e+02       1.32645461e+01       1.26403934e+01       6.24152706e-01      -1.00000000e+00      -5.54222301e+00
      9.30000000e+02       1.32652880e+01       4.60876322e+00       8.65652477e+00      -1.00000000e+00      -5.49222301e+00
      9.40000000e+02       1.32654098e+01       3.81831066e+00       9.44709912e+00      -1.00000000e+00      -5.44222301e+00
      9.50000000e+02       1.32645341e+01       1.23742654e+01       8.90268778e-01      -1.00000000e+00      -5.39222301e+00
      9.60000000e+02       1.32655451e+01       2.21811444e+00       1.10474306e+01      -1.00000000e+00      -5.34222301e+00
      9.70000000e+02       1.32650964e+01       6.99494964e+00       6.27014675e+00      -1.00000000e+00      -5.29222301e+00
      9.80000000e+02       1.32646893e+01       1.05611719e+01       2.70351733e+00      -1.00000000e+00      -5.24222301e+00
      9.90000000e+02       1.32656401e+01       1.72361739e+00       1.15420227e+01      -1.00000000e+00      -5.19222301e+00
      1.00000000e+03       1.32648442e+01       8.91189773e+00       4.35294646e+00      -1.00000000e+00      -5.14222302e+00
      1.01000000e+03       1.32648879e+01       9.27009236e+00       3.99479554e+00      -1.00000000e+00      -5.09222302e+00
      1.02000000e+03       1.32656740e+01       6.66481727e-01       1.25991923e+01      -1.00000000e+00      -5.04222302e+00
      1.03000000e+03       1.32645585e+01       1.24398392e+01       8.24719216e-01      -1.00000000e+00      -4.99222302e+00
      1.04000000e+03       1.32652674e+01       4.91659848e+00       8.34866896e+00      -1.00000000e+00      -4.94222303e+00
      1.05000000e+03       1.32654304e+01       3.49457900e+00       9.77085139e+00      -1.00000000e+00      -4.89222303e+00
      1.06000000e+03       1.32645207e+01       1.26297113e+01       6.34809402e-01      -1.00000000e+00      -4.84222303e+00
      1.07000000e+03       1.32655492e+01       2.06323736e+00       1.12023119e+01      -1.00000000e+00      -4.79222304e+00
      1.08000000e+03       1.32650976e+01       7.07716683e+00       6.18793079e+00      -1.00000000e+00      -4.74222304e+00
      1.09000000e+03       1.32646892e+01       1.04959994e+01       2.76868976e+00      -1.00000000e+00      -4.69222305e+00
      1.10000000e+03       1.32656351e+01       1.80558648e+00       1.14600486e+01      -1.00000000e+00      -4.64222306e+00
      1.11000000e+03       1.32648528e+01       8.83219321e+00       4.43265957e+00      -1.00000000e+00      -4.59222307e+00
      1.12000000e+03       1.32648821e+01       9.28510496e+00       3.97977712e+00      -1.00000000e+00      -4.54222308e+00
      1.13000000e+03       1.32656705e+01       7.78002807e-01       1.24876677e+01      -1.00000000e+00      -4.49222309e+00
      1.14000000e+03       1.32645734e+01       1.21883758e+01       1.07619766e+00      -1.00000000e+00      -4.44222311e+00
      1.15000000e+03       1.32652453e+01       5.25487100e+00       8.01037434e+00      -1.00000000e+00      -4.39222313e+00
      1.16000000e+03       1.32654513e+01       3.16413719e+00       1.01013141e+01      -1.00000000e+00      -4.34222315e+00
      1.17000000e+03       1.32645083e+01       1.28681541e+01       3.96354186e-01      -1.00000000e+00      -4.29222317e+00
      1.18000000e+03       1.32655514e+01       1.94625651e+00       1.13192949e+01      -1.00000000e+00      -4.24222320e+00
      1.19000000e+03       1.32651016e+01       7.10513826e+00       6.15996330e+00      -1.00000000e+00      -4.19222324e+00
      1.20000000e+03       1.32646858e+01       1.04961905e+01       2.76849532e+00      -1.00000000e+00      -4.14222328e+00
      1.21000000e+03       1.32656335e+01       1.81651430e+00       1.14491192e+01      -1.00000000e+00      -4.09222333e+00
      1.22000000e+03       1.32648579e+01       8.82345095e+00       4.44140690e+00      -1.00000000e+00      -4.04222338e+00
      1.23000000e+03       1.32648795e+01       9.23554428e+00       4.02933524e+00      -1.00000000e+00      -3.99222345e+00
      1.24000000e+03       1.32656643e+01       9.41046620e-01       1.23246177e+01      -1.00000000e+00      -3.94222353e+00
      1.25000000e+03       1.32645901e+01       1.19045389e+01       1.36005120e+00      -1.00000000e+00      -3.89222362e+00
      1.26000000e+03       1.32652228e+01       5.60217555e+00       7.66304721e+00      -1.00000000e+00      -3.84222372e+00
      1.27000000e+03       1.32654713e+01       2.84915631e+00       1.04163150e+01      -1.00000000e+00      -3.79222385e+00
      1.28000000e+03       1.32644978e+01       1.30688293e+01       1.95668553e-01      -1.00000000e+00      -3.74222399e+00
      1.29000000e+03       1.32655507e+01       1.88450682e+00       1.13810439e+01      -1.00000000e+00      -3.69222417e+00
      1.30000000e+03       1.32651088e+01       7.06662830e+00       6.19848051e+00      -1.00000000e+00      -3.64222437e+00
      1.31000000e+03       1.32646790e+01       1.05677110e+01       2.69696803e+00      -1.00000000e+00      -3.59222460e+00
      1.32000000e+03       1.32656353e+01       1.75727067e+00       1.15083647e+01      -1.00000000e+00      -3.54222488e+00
      1.33000000e+03       1.32648598e+01       8.87804333e+00       4.38681648e+00      -1.00000000e+00      -3.49222521e+00
      1.34000000e+03       1.32648795e+01       9.13506943e+00       4.12981011e+00      -1.00000000e+00      -3.44222559e+00
      1.35000000e+03       1.32656563e+01       1.13722894e+00       1.21284274e+01      -1.00000000e+00      -3.39222604e+00
      1.36000000e+03       1.32646075e+01       1.16096529e+01       1.65495454e+00      -1.00000000e+00      -3.34222657e+00
      1.37000000e+03       1.32652008e+01       5.93632704e+00       7.32887379e+00      -1.00000000e+00      -3.29222718e+00
      1.38000000e+03       1.32654895e+01       2.57049980e+00       1.06949897e+01      -1.00000000e+00      -3.24222791e+00
      1.39000000e+03       1.32644902e+01       1.32142334e+01       5.02568546e-02      -1.00000000e+00      -3.19222876e+00
      1.40000000e+03       1.32655466e+01       1.89042189e+00       1.13751247e+01      -1.00000000e+00      -3.14222975e+00
      1.41000000e+03       1.32651197e+01       6.95545997e+00       6.30965973e+00      -1.00000000e+00      -3.09223093e+00
      1.42000000e+03       1.32646688e+01       1.07098876e+01       2.55478118e+00      -1.00000000e+00      -3.04223230e+00
      1.43000000e+03       1.32656402e+01       1.63529316e+00       1.16303470e+01      -1.00000000e+00      -2.99223392e+00
      1.44000000e+03       1.32648593e+01       8.98247327e+00       4.28238606e+00      -1.00000000e+00      -2.94223582e+00
      1.45000000e+03       1.32648812e+01       9.00192223e+00       4.26295900e+00      -1.00000000e+00      -2.89223803e+00
      1.46000000e+03       1.32656477e+01       1.34530369e+00       1.19203440e+01      -1.00000000e+00      -2.84224062e+00
      1.47000000e+03       1.32646243e+01       1.13258820e+01       1.93874233e+00      -1.00000000e+00      -2.79224369e+00
      1.48000000e+03       1.32651806e+01       6.23638374e+00       7.02879684e+00      -1.00000000e+00      -2.74224727e+00
      1.49000000e+03       1.32655050e+01       2.34580719e+00       1.09196978e+01      -1.00000000e+00      -2.69225147e+00
      1.50000000e+03       1.32644861e+01       1.32917114e+01      -2.72253066e-02      -1.00000000e+00      -2.64225645e+00
      1.51000000e+03       1.32655387e+01       1.97040272e+00       1.12951360e+01      -1.00000000e+00      -2.59226223e+00
      1.52000000e+03       1.32651342e+01       6.77205245e+00       6.49308173e+00      -1.00000000e+00      -2.54226903e+00
      1.53000000e+03       1.32646555e+01       1.09154654e+01       2.34919011e+00      -1.00000000e+00      -2.49227699e+00
      1.54000000e+03       1.32656475e+01       1.46390503e+00       1.18017424e+01      -1.00000000e+00      -2.44228630e+00
      1.55000000e+03       1.32648573e+01       9.11855055e+00       4.14630675e+00      -1.00000000e+00      -2.39229722e+00
      1.56000000e+03       1.32648835e+01       8.85730201e+00       4.40758150e+00      -1.00000000e+00      -2.34231006e+00
      1.57000000e+03       1.32656395e+01       1.54304560e+00       1.17225939e+01      -1.00000000e+00      -2.29232511e+00
      1.58000000e+03       1.32646396e+01       1.10741549e+01       2.19048472e+00      -1.00000000e+00      -2.24234275e+00
      1.59000000e+03       1.32651629e+01       6.48459333e+00       6.78056956e+00      -1.00000000e+00      -2.19236335e+00
      1.60000000e+03       1.32655170e+01       2.18778720e+00       1.10777298e+01      -1.00000000e+00      -2.14238738e+00
      1.61000000e+03       1.32644858e+01       1.32945810e+01      -3.00951313e-02      -1.00000000e+00      -2.09241556e+00
      1.62000000e+03       1.32655271e+01       2.12424547e+00       1.11412816e+01      -1.00000000e+00      -2.04244822e+00
      1.63000000e+03       1.32651519e+01       6.52321988e+00       6.74193206e+00      -1.00000000e+00      -1.99248668e+00
      1.64000000e+03       1.32646397e+01       1.11712559e+01       2.09338378e+00      -1.00000000e+00      -1.94253144e+00
      1.65000000e+03       1.32656562e+01       1.26112454e+00       1.20045316e+01      -1.00000000e+00      -1.89258346e+00
      1.66000000e+03       1.32648548e+01       9.26473870e+00       4.00011612e+00      -1.00000000e+00      -1.84264428e+00
      1.67000000e+03       1.32648853e+01       8.72351335e+00       4.54137193e+00      -1.00000000e+00      -1.79271471e+00
      1.68000000e+03       1.32656327e+01       1.70910700e+00       1.15565257e+01      -1.00000000e+00      -1.74279623e+00
      1.69000000e+03       1.32646526e+01       1.08720133e+01       2.39263926e+00      -1.00000000e+00      -1.69289103e+00
      1.70000000e+03       1.32651484e+01       6.66813096e+00       6.59701742e+00      -1.00000000e+00      -1.64300065e+00
      1.71000000e+03       1.32655253e+01       2.10260198e+00       1.11629233e+01      -1.00000000e+00      -1.59312712e+00
      1.72000000e+03       1.32644894e+01       1.32226181e+01       4.18712804e-02      -1.00000000e+00      -1.54327437e+00
      1.73000000e+03       1.32655119e+01       2.34515438e+00       1.09203576e+01      -1.00000000e+00      -1.49344335e+00
      1.74000000e+03       1.32651724e+01       6.22100591e+00       7.04416646e+00      -1.00000000e+00      -1.44363833e+00
      1.75000000e+03       1.32646223e+01       1.14591633e+01       1.80545901e+00      -1.00000000e+00      -1.39386268e+00
      1.76000000e+03       1.32656653e+01       1.04788189e+00       1.22177834e+01      -1.00000000e+00      -1.34411989e+00
      1.77000000e+03       1.32648531e+01       9.39726194e+00       3.86759114e+00      -1.00000000e+00      -1.29441586e+00
      1.78000000e+03       1.32648853e+01       8.62233829e+00       4.64254703e+00      -1.00000000e+00      -1.24475593e+00
      1.79000000e+03       1.32656284e+01       1.82416246e+00       1.14414660e+01      -1.00000000e+00      -1.19514701e+00
      1.80000000e+03       1.32646625e+01       1.07308828e+01       2.53377974e+00      -1.00000000e+00      -1.14559572e+00
      1.81000000e+03       1.32651372e+01       6.78104750e+00       6.48408967e+00      -1.00000000e+00      -1.09611024e+00
      1.82000000e+03       1.32655301e+01       2.08756608e+00       1.11779640e+01      -1.00000000e+00      -1.04669870e+00
      1.83000000e+03       1.32644963e+01       1.30815600e+01       1.82936374e-01      -1.00000000e+00      -9.97374090e-01
      1.84000000e+03       1.32654938e+01       2.62039718e+00       1.06450966e+01      -1.00000000e+00      -9.48142965e-01
      1.85000000e+03       1.32651948e+01       5.87920767e+00       7.38598718e+00      -1.00000000e+00      -8.99025456e-01
      1.86000000e+03       1.32646042e+01       1.17577146e+01       1.50688957e+00      -1.00000000e+00      -8.50033781e-01
      1.87000000e+03       1.32656735e+01       8.46192088e-01       1.24194814e+01      -1.00000000e+00      -8.01180600e-01
      1.88000000e+03       1.32648536e+01       9.48801285e+00       3.77684071e+00      -1.00000000e+00      -7.52486449e-01
      1.89000000e+03       1.32648823e+01       8.57347787e+00       4.69140444e+00      -1.00000000e+00      -7.03967123e-01
      1.90000000e+03       1.32656274e+01       1.87122579e+00       1.13944016e+01      -1.00000000e+00      -6.55645447e-01
      1.91000000e+03       1.32646695e+01       1.06511806e+01       2.61348891e+00      -1.00000000e+00      -6.07536770e-01
      1.92000000e+03       1.32651288e+01       6.82506642e+00       6.44006239e+00      -1.00000000e+00      -5.59660580e-01
      1.93000000e+03       1.32655321e+01       2.12819248e+00       1.11373396e+01      -1.00000000e+00      -5.12034758e-01
      1.94000000e+03       1.32645062e+01       1.28799607e+01       3.84545518e-01      -1.00000000e+00      -4.64632935e-01
      1.95000000e+03       1.32654733e+01       2.93034020e+00       1.03351331e+01      -1.00000000e+00      -4.17495474e-01
      1.96000000e+03       1.32652184e+01       5.51335785e+00       7.75186059e+00      -1.00000000e+00      -3.70622658e-01
      1.97000000e+03       1.32645867e+01       1.20398189e+01       1.22476779e+00      -1.00000000e+00      -3.23991016e-01
      1.98000000e+03       1.32656799e+01       6.71015858e-01       1.25946640e+01      -1.00000000e+00      -2.77623394e-01
      1.99000000e+03       1.32648566e+01       9.52467733e+00       3.74017926e+00      -1.00000000e+00      -2.31466741e-01
      2.00000000e+03       1.32648770e+01       8.57365509e+00       4.69122195e+00      -1.00000000e+00      -1.85530621e-01
      2.01000000e+03       1.32656291e+01       1.84768459e+00       1.14179445e+01      -1.00000000e+00      -1.39763103e-01
      2.02000000e+03       1.32646723e+01       1.06479127e+01       2.61675954e+00      -1.00000000e+00      -9.40971435e-02
      2.03000000e+03       1.32651261e+01       6.77459437e+00       6.49053176e+00      -1.00000000e+00      -4.85416108e-02
      2.04000000e+03       1.32655288e+01       2.24783335e+00       1.10176955e+01      -1.00000000e+00      -3.04017494e-03
      2.05000000e+03       1.32645188e+01       1.26354607e+01       6.29058080e-01      -1.00000000e+00       4.24866129e-02
      2.06000000e+03       1.32654544e+01       3.23623596e+00       1.00292184e+01      -1.00000000e+00       8.80743878e-02
      2.07000000e+03       1.32652381e+01       5.19249759e+00       8.07274054e+00      -1.00000000e+00       1.33721706e-01
      2.08000000e+03       1.32645728e+01       1.22816821e+01       9.82890723e-01      -1.00000000e+00       1.79487207e-01
      2.09000000e+03       1.32656851e+01       5.39148937e-01       1.27265362e+01      -1.00000000e+00       2.25433482e-01
      2.10000000e+03       1.32648590e+01       9.54470610e+00       3.72015293e+00      -1.00000000e+00       2.71550106e-01
      2.11000000e+03       1.32648710e+01       8.63035356e+00       4.63451743e+00      -1.00000000e+00       3.17903860e-01
      2.12000000e+03       1.32656341e+01       1.77009959e+00       1.14955346e+01      -1.00000000e+00       3.64486338e-01
      2.13000000e+03       1.32646702e+01       1.07407708e+01       2.52389937e+00      -1.00000000e+00       4.11320136e-01
      2.14000000e+03       1.32651274e+01       6.67428598e+00       6.59084140e+00      -1.00000000e+00       4.58407683e-01
      2.15000000e+03       1.32655239e+01       2.42178737e+00       1.08437365e+01      -1.00000000e+00       5.05742543e-01
      2.16000000e+03       1.32645310e+01       1.23951518e+01       8.69379185e-01      -1.00000000e+00       5.53341810e-01
      2.17000000e+03       1.32654347e+01       3.56182066e+00       9.70361407e+00      -1.00000000e+00       6.01193850e-01
      2.18000000e+03       1.32652585e+01       4.89621709e+00       8.36904142e+00      -1.00000000e+00       6.49275420e-01
      2.19000000e+03       1.32645596e+01       1.24991571e+01       7.65402503e-01      -1.00000000e+00       6.97576813e-01
      2.20000000e+03       1.32656858e+01       4.99137564e-01       1.27665483e+01      -1.00000000e+00       7.46072245e-01
      2.21000000e+03       1.32648688e+01       9.46376694e+00       3.80110181e+00      -1.00000000e+00       7.94742531e-01
      2.22000000e+03       1.32648577e+01       8.80249863e+00       4.46235910e+00      -1.00000000e+00       8.43571280e-01
      2.23000000e+03       1.32656432e+01       1.62436103e+00       1.16412821e+01      -1.00000000e+00       8.92544123e-01
      2.24000000e+03       1.32646679e+01       1.08650159e+01       2.39965195e+00      -1.00000000e+00       9.41646230e-01
      2.25000000e+03       1.32651267e+01       6.57615543e+00       6.68897125e+00      -1.00000000e+00       9.90858851e-01
      2.26000000e+03       1.32655201e+01       2.58721834e+00       1.06783017e+01      -1.00000000e+00       1.04016973e+00
      2.27000000e+03       1.32645438e+01       1.21577281e+01       1.10681570e+00      -1.00000000e+00       1.08956982e+00
      2.28000000e+03       1.32654150e+01       3.86662001e+00       9.39879503e+00      -1.00000000e+00       1.13904527e+00
      2.29000000e+03       1.32652776e+01       4.63335360e+00       8.63192399e+00      -1.00000000e+00       1.18858755e+00
      2.30000000e+03       1.32645498e+01       1.26472950e+01       6.17254832e-01      -1.00000000e+00       1.23819027e+00
      2.31000000e+03       1.32656824e+01       5.28553782e-01       1.27371286e+01      -1.00000000e+00       1.28784226e+00
      2.32000000e+03       1.32648825e+01       9.30165277e+00       3.96322968e+00      -1.00000000e+00       1.33753985e+00
      2.33000000e+03       1.32648416e+01       9.03114352e+00       4.23369809e+00      -1.00000000e+00       1.38727553e+00
      2.34000000e+03       1.32656545e+01       1.42102143e+00       1.18446331e+01      -1.00000000e+00       1.43704571e+00
      2.35000000e+03       1.32646636e+01       1.10224051e+01       2.24225854e+00      -1.00000000e+00       1.48684603e+00
      2.36000000e+03       1.32651277e+01       6.44751651e+00       6.81761117e+00      -1.00000000e+00       1.53667243e+00
      2.37000000e+03       1.32655159e+01       2.74907536e+00       1.05164405e+01      -1.00000000e+00       1.58652231e+00
      2.38000000e+03       1.32645553e+01       1.19409508e+01       1.32360455e+00      -1.00000000e+00       1.63639217e+00
      2.39000000e+03       1.32653981e+01       4.11589507e+00       9.14950308e+00      -1.00000000e+00       1.68627917e+00
      2.40000000e+03       1.32652928e+01       4.43532608e+00       8.82996677e+00      -1.00000000e+00       1.73618143e+00
      2.41000000e+03       1.32645440e+01       1.27167539e+01       5.47790098e-01      -1.00000000e+00       1.78609703e+00
      2.42000000e+03       1.32656754e+01       6.27233629e-01       1.26384418e+01      -1.00000000e+00       1.83602370e+00
      2.43000000e+03       1.32648991e+01       9.07341209e+00       4.19148699e+00      -1.00000000e+00       1.88596101e+00
      2.44000000e+03       1.32648231e+01       9.30848162e+00       3.95634153e+00      -1.00000000e+00       1.93590678e+00
      2.45000000e+03       1.32656675e+01       1.17949354e+00       1.20861740e+01      -1.00000000e+00       1.98586001e+00
      2.46000000e+03       1.32646584e+01       1.11964942e+01       2.06816417e+00      -1.00000000e+00       2.03581995e+00
      2.47000000e+03       1.32651288e+01       6.31884088e+00       6.94628788e+00      -1.00000000e+00       2.08578527e+00
      2.48000000e+03       1.32655127e+01       2.88581858e+00       1.03796941e+01      -1.00000000e+00       2.13575538e+00
      2.49000000e+03       1.32645646e+01       1.17681502e+01       1.49641438e+00      -1.00000000e+00       2.18572971e+00
      2.50000000e+03       1.32653844e+01       4.30139695e+00       8.96398747e+00      -1.00000000e+00       2.23570756e+00
      2.51000000e+03       1.32653043e+01       4.30964197e+00       8.95566235e+00      -1.00000000e+00       2.28568845e+00
      2.52000000e+03       1.32645420e+01       1.27097702e+01       5.54771821e-01      -1.00000000e+00       2.33567210e+00
      2.53000000e+03       1.32656649e+01       7.94492022e-01       1.24711729e+01      -1.00000000e+00       2.38565791e+00
      2.54000000e+03       1.32649184e+01       8.78874536e+00       4.47617309e+00      -1.00000000e+00       2.43564567e+00
      2.55000000e+03       1.32648029e+01       9.62247038e+00       3.64233254e+00      -1.00000000e+00       2.48563503e+00
      2.56000000e+03       1.32656813e+01       9.21297587e-01       1.23443837e+01      -1.00000000e+00       2.53562578e+00
      2.57000000e+03       1.32646535e+01       1.13646948e+01       1.89995870e+00      -1.00000000e+00       2.58561774e+00
      2.58000000e+03       1.32651286e+01       6.21597068e+00       7.04915788e+00      -1.00000000e+00       2.63561071e+00
      2.59000000e+03       1.32655116e+01       2.97748015e+00       1.02880314e+01      -1.00000000e+00       2.68560459e+00
      2.60000000e+03       1.32645710e+01       1.16550149e+01       1.60955614e+00      -1.00000000e+00       2.73559921e+00
      2.61000000e+03       1.32653742e+01       4.41629096e+00       8.84908323e+00      -1.00000000e+00       2.78559446e+00
      2.62000000e+03       1.32653120e+01       4.25799775e+00       9.00731429e+00      -1.00000000e+00       2.83559025e+00
      2.63000000e+03       1.32645437e+01       1.26322376e+01       6.32306088e-01      -1.00000000e+00       2.88558649e+00
      2.64000000e+03       1.32656514e+01       1.02009781e+00       1.22455536e+01      -1.00000000e+00       2.93558311e+00
      2.65000000e+03       1.32649398e+01       8.46388116e+00       4.80105867e+00      -1.00000000e+00       2.98558009e+00
      2.66000000e+03       1.32647819e+01       9.95390518e+00       3.31087669e+00      -1.00000000e+00       3.03557735e+00
      2.67000000e+03       1.32656946e+01       6.68918134e-01       1.25967765e+01      -1.00000000e+00       3.08557485e+00
      2.68000000e+03       1.32646500e+01       1.15051120e+01       1.75953797e+00      -1.00000000e+00       3.13557257e+00
      2.69000000e+03       1.32651261e+01       6.15900895e+00       7.10611711e+00      -1.00000000e+00       3.18557046e+00
      2.70000000e+03       1.32655135e+01       3.00916104e+00       1.02563524e+01      -1.00000000e+00       3.23556850e+00
      2.71000000e+03       1.32645741e+01       1.16107760e+01       1.65379815e+00      -1.00000000e+00       3.28556666e+00
      2.72000000e+03       1.32653675e+01       4.45874524e+00       8.80662227e+00      -1.00000000e+00       3.33556494e+00
      2.73000000e+03       1.32653163e+01       4.27565222e+00       8.98966403e+00      -1.00000000e+00       3.38556331e+00
      2.74000000e+03       1.32645484e+01       1.24955172e+01       7.69031198e-01      -1.00000000e+00       3.43556176e+00
      2.75000000e+03       1.32656357e+01       1.28781753e+00       1.19778181e+01      -1.00000000e+00       3.48556027e+00
      2.76000000e+03       1.32649622e+01       8.11898711e+00       5.14597513e+00      -1.00000000e+00       3.53555885e+00
      2.77000000e+03       1.32647611e+01       1.02809598e+01       2.98380131e+00      -1.00000000e+00       3.58555747e+00
      2.78000000e+03       1.32657064e+01       4.44146425e-01       1.28215600e+01      -1.00000000e+00       3.63555614e+00
      2.79000000e+03       1.32646490e+01       1.15984629e+01       1.66618606e+00      -1.00000000e+00       3.68555484e+00
      2.80000000e+03       1.32651205e+01       6.16308746e+00       7.10203306e+00      -1.00000000e+00       3.73555357e+00
      2.81000000e+03       1.32655187e+01       2.97167106e+00       1.02938476e+01      -1.00000000e+00       3.78555233e+00
      2.82000000e+03       1.32645737e+01       1.16379732e+01       1.62660049e+00      -1.00000000e+00       3.83555111e+00
      2.83000000e+03       1.32653642e+01       4.43325920e+00       8.83210499e+00      -1.00000000e+00       3.88554991e+00
      2.84000000e+03       1.32653175e+01       4.35170739e+00       8.91361013e+00      -1.00000000e+00       3.93554873e+00
      2.85000000e+03       1.32645554e+01       1.23159591e+01       9.48596321e-01      -1.00000000e+00       3.98554755e+00
      2.86000000e+03       1.32656188e+01       1.57753917e+00       1.16880796e+01      -1.00000000e+00       4.03554639e+00
      2.87000000e+03       1.32649846e+01       7.77609170e+00       5.48889288e+00      -1.00000000e+00       4.08554524e+00
      2.88000000e+03       1.32647417e+01       1.05819070e+01       2.68283473e+00      -1.00000000e+00       4.13554410e+00
      2.89000000e+03       1.32657158e+01       2.66365825e-01       1.29993500e+01      -1.00000000e+00       4.18554297e+00
      2.90000000e+03       1.32646511e+01       1.16296622e+01       1.63498891e+00      -1.00000000e+00       4.23554184e+00
      2.91000000e+03       1.32651115e+01       6.23756946e+00       7.02754199e+00      -1.00000000e+00       4.28554072e+00
      2.92000000e+03       1.32655274e+01       2.86231342e+00       1.04032140e+01      -1.00000000e+00       4.33553960e+00
      2.93000000e+03       1.32645700e+01       1.17324242e+01       1.53214583e+00      -1.00000000e+00       4.38553849e+00
      2.94000000e+03       1.32653637e+01       4.35051649e+00       8.91484719e+00      -1.00000000e+00       4.43553737e+00
      2.95000000e+03       1.32653166e+01       4.47003404e+00       8.79528259e+00      -1.00000000e+00       4.48553627e+00
      2.96000000e+03       1.32645636e+01       1.21136059e+01       1.15095765e+00      -1.00000000e+00       4.53553516e+00
      2.97000000e+03       1.32656018e+01       1.86726876e+00       1.13983330e+01      -1.00000000e+00       4.58553406e+00
      2.98000000e+03       1.32650057e+01       7.45701288e+00       5.80799286e+00      -1.00000000e+00       4.63553295e+00
      2.99000000e+03       1.32647246e+01       1.08372561e+01       2.42746851e+00      -1.00000000e+00       4.68553185e+00
      3.00000000e+03       1.32657220e+01       1.50840171e-01       1.31148819e+01      -1.00000000e+00       4.73553075e+00
      3.01000000e+03       1.32646569e+01       1.15891708e+01       1.67548603e+00      -1.00000000e+00       4.78552965e+00
      3.02000000e+03       1.32650987e+01       6.38536284e+00       6.87973589e+00      -1.00000000e+00       4.83552856e+00
      3.03000000e+03       1.32655395e+01       2.68508269e+00       1.05804568e+01      -1.00000000e+00       4.88552746e+00
      3.04000000e+03       1.32645636e+01       1.18836389e+01       1.38092464e+00      -1.00000000e+00       4.93552636e+00
      3.05000000e+03       1.32653652e+01       4.22649060e+00       9.03887459e+00      -1.00000000e+00       4.98552527e+00
      3.06000000e+03       1.32653146e+01       4.61071674e+00       8.65459786e+00      -1.00000000e+00       5.03552417e+00
      3.07000000e+03       1.32645719e+01       1.19104013e+01       1.35417061e+00      -1.00000000e+00       5.08552308e+00
      3.08000000e+03       1.32655858e+01       2.13516418e+00       1.11304216e+01      -1.00000000e+00       5.13552198e+00
      3.09000000e+03       1.32650248e+01       7.18136060e+00       6.08366415e+00      -1.00000000e+00       5.18552089e+00
      3.10000000e+03       1.32647107e+01       1.10315595e+01       2.23315119e+00      -1.00000000e+00       5.23551980e+00
      3.11000000e+03       1.32657245e+01       1.07337814e-01       1.31583867e+01      -1.00000000e+00       5.28551870e+00
      3.12000000e+03       1.32646665e+01       1.14738537e+01       1.79081280e+00      -1.00000000e+00       5.33551761e+00
      3.13000000e+03       1.32650825e+01       6.60268086e+00       6.66240169e+00      -1.00000000e+00       5.38551652e+00
      3.14000000e+03       1.32655544e+01       2.45029940e+00       1.08152550e+01      -1.00000000e+00       5.43551542e+00
      3.15000000e+03       1.32645552e+01       1.20757811e+01       1.18877413e+00      -1.00000000e+00       5.48551433e+00
      3.16000000e+03       1.32653677e+01       4.08099894e+00       9.18436878e+00      -1.00000000e+00       5.53551324e+00
      3.17000000e+03       1.32653125e+01       4.75186652e+00       8.51344598e+00      -1.00000000e+00       5.58551214e+00
      3.18000000e+03       1.32645792e+01       1.17281974e+01       1.53638179e+00      -1.00000000e+00       5.63551105e+00
      3.19000000e+03       1.32655718e+01       2.36152825e+00       1.09040435e+01      -1.00000000e+00       5.68550996e+00
      3.20000000e+03       1.32650408e+01       6.96475133e+00       6.30028950e+00      -1.00000000e+00       5.73550886e+00
      3.21000000e+03       1.32647003e+01       1.11548215e+01       2.10987877e+00      -1.00000000e+00       5.78550777e+00
      3.22000000e+03       1.32657232e+01       1.39244336e-01       1.31264788e+01      -1.00000000e+00       5.83550668e+00
      3.23000000e+03       1.32646797e+01       1.12872659e+01       1.97741380e+00      -1.00000000e+00       5.88550559e+00
      3.24000000e+03       1.32650634e+01       6.87938893e+00       6.38567446e+00      -1.00000000e+00       5.93550449e+00
      3.25000000e+03       1.32655713e+01       2.17367052e+00       1.10919007e+01      -1.00000000e+00       5.98550340e+00
      3.26000000e+03       1.32645459e+01       1.22891116e+01       9.75434231e-01      -1.00000000e+00       6.03550231e+00
      3.27000000e+03       1.32653702e+01       3.93589769e+00       9.32947250e+00      -1.00000000e+00       6.08550122e+00
      3.28000000e+03       1.32653114e+01       4.87161669e+00       8.39369475e+00      -1.00000000e+00       6.13550012e+00
      3.29000000e+03       1.32645847e+01       1.15867651e+01       1.67781953e+00      -1.00000000e+00       6.18549903e+00
      3.30000000e+03       1.32655606e+01       2.53060221e+00       1.07349584e+01      -1.00000000e+00       6.23549794e+00
      3.31000000e+03       1.32650535e+01       6.81738847e+00       6.44766500e+00      -1.00000000e+00       6.28549685e+00
      3.32000000e+03       1.32646938e+01       1.12034079e+01       2.06128581e+00      -1.00000000e+00       6.33549575e+00
      3.33000000e+03       1.32657181e+01       2.43254776e-01       1.30224633e+01      -1.00000000e+00       6.38549466e+00
      3.34000000e+03       1.32646961e+01       1.10393313e+01       2.22536471e+00      -1.00000000e+00       6.43549357e+00
      3.35000000e+03       1.32650421e+01       7.19992536e+00       6.06511671e+00      -1.00000000e+00       6.48549248e+00
      3.36000000e+03       1.32655892e+01       1.87486067e+00       1.13907285e+01      -1.00000000e+00       6.53549138e+00
      3.37000000e+03       1.32645367e+01       1.25017881e+01       7.62748581e-01      -1.00000000e+00       6.58549029e+00
      3.38000000e+03       1.32653715e+01       3.81308837e+00       9.45228313e+00      -1.00000000e+00       6.63548920e+00
      3.39000000e+03       1.32653124e+01       4.95011754e+00       8.31519487e+00      -1.00000000e+00       6.68548811e+00
      3.40000000e+03       1.32645873e+01       1.15019916e+01       1.76259575e+00      -1.00000000e+00       6.73548701e+00
      3.41000000e+03       1.32655527e+01       2.63199973e+00       1.06335529e+01      -1.00000000e+00       6.78548592e+00
      3.42000000e+03       1.32650625e+01       6.74313611e+00       6.52192635e+00      -1.00000000e+00       6.83548483e+00
      3.43000000e+03       1.32646908e+01       1.11803740e+01       2.08431685e+00      -1.00000000e+00       6.88548374e+00
      3.44000000e+03       1.32657098e+01       4.09674889e-01       1.28560349e+01      -1.00000000e+00       6.93548264e+00
      3.45000000e+03       1.32647148e+01       1.07454408e+01       2.51927395e+00      -1.00000000e+00       6.98548155e+00
      3.46000000e+03       1.32650195e+01       7.54471570e+00       5.72030384e+00      -1.00000000e+00       7.03548046e+00
      3.47000000e+03       1.32656070e+01       1.57570265e+00       1.16899044e+01      -1.00000000e+00       7.08547937e+00
      3.48000000e+03       1.32645287e+01       1.26918547e+01       5.72674006e-01      -1.00000000e+00       7.13547827e+00
      3.49000000e+03       1.32653707e+01       3.73252000e+00       9.53285066e+00      -1.00000000e+00       7.18547718e+00
      3.50000000e+03       1.32653162e+01       4.97134747e+00       8.29396873e+00      -1.00000000e+00       7.23547609e+00
      3.51000000e+03       1.32645867e+01       1.14844326e+01       1.78015419e+00      -1.00000000e+00       7.28547500e+00
      3.52000000e+03       1.32655482e+01       2.66165125e+00       1.06038970e+01      -1.00000000e+00       7.33547390e+00
      3.53000000e+03       1.32650680e+01       6.73917029e+00       6.52589767e+00      -1.00000000e+00       7.38547281e+00
      3.54000000e+03       1.32646911e+01       1.10951839e+01       2.16950720e+00      -1.00000000e+00       7.43547172e+00
      3.55000000e+03       1.32656990e+01       6.23304275e-01       1.26423947e+01      -1.00000000e+00       7.48547063e+00
      3.56000000e+03       1.32647349e+01       1.04250526e+01       2.83968225e+00      -1.00000000e+00       7.53546953e+00
      3.57000000e+03       1.32649969e+01       7.89195256e+00       5.37304434e+00      -1.00000000e+00       7.58546844e+00
      3.58000000e+03       1.32656237e+01       1.29821056e+00       1.19674131e+01      -1.00000000e+00       7.63546735e+00
      3.59000000e+03       1.32645229e+01       1.28392433e+01       4.25279567e-01      -1.00000000e+00       7.68546626e+00
      3.60000000e+03       1.32653669e+01       3.71036893e+00       9.55499793e+00      -1.00000000e+00       7.73546516e+00
      3.61000000e+03       1.32653233e+01       4.92457541e+00       8.34074793e+00      -1.00000000e+00       7.78546407e+00
      3.62000000e+03       1.32645827e+01       1.15383497e+01       1.72623294e+00      -1.00000000e+00       7.83546298e+00
      3.63000000e+03       1.32655472e+01       2.62217299e+00       1.06433742e+01      -1.00000000e+00       7.88546189e+00
      3.64000000e+03       1.32650704e+01       6.79623945e+00       6.46883096e+00      -1.00000000e+00       7.93546079e+00
      3.65000000e+03       1.32646938e+01       1.09628462e+01       2.30184761e+00      -1.00000000e+00       7.98545970e+00
      3.66000000e+03       1.32656868e+01       8.64821009e-01       1.24008658e+01      -1.00000000e+00       8.03545861e+00
      3.67000000e+03       1.32647553e+01       1.00999226e+01       3.16483269e+00      -1.00000000e+00       8.08545752e+00
      3.68000000e+03       1.32649753e+01       8.21957878e+00       5.04539647e+00      -1.00000000e+00       8.13545642e+00
      3.69000000e+03       1.32656382e+01       1.06257631e+00       1.22030619e+01      -1.00000000e+00       8.18545533e+00
      3.70000000e+03       1.32645202e+01       1.29276027e+01       3.36917534e-01      -1.00000000e+00       8.23545424e+00
      3.71000000e+03       1.32653596e+01       3.75756235e+00       9.50779720e+00      -1.00000000e+00       8.28545315e+00
      3.72000000e+03       1.32653341e+01       4.80534132e+00       8.45999275e+00      -1.00000000e+00       8.33545205e+00
      3.73000000e+03       1.32645753e+01       1.16613217e+01       1.60325356e+00      -1.00000000e+00       8.38545096e+00
      3.74000000e+03       1.32655491e+01       2.52262679e+00       1.07429223e+01      -1.00000000e+00       8.43544987e+00
      3.75000000e+03       1.32650706e+01       6.89951050e+00       6.36556007e+00      -1.00000000e+00       8.48544878e+00
      3.76000000e+03       1.32646980e+01       1.08025440e+01       2.46215391e+00      -1.00000000e+00       8.53544768e+00
      3.77000000e+03       1.32656741e+01       1.11254163e+00       1.21531325e+01      -1.00000000e+00       8.58544659e+00
      3.78000000e+03       1.32647749e+01       9.79212481e+00       3.47265010e+00      -1.00000000e+00       8.63544550e+00
      3.79000000e+03       1.32649556e+01       8.50729337e+00       4.75766226e+00      -1.00000000e+00       8.68544441e+00
      3.80000000e+03       1.32656497e+01       8.85332047e-01       1.23803176e+01      -1.00000000e+00       8.73544331e+00
      3.81000000e+03       1.32645211e+01       1.29457882e+01       3.18732865e-01      -1.00000000e+00       8.78544222e+00
      3.82000000e+03       1.32653485e+01       3.87877993e+00       9.38656858e+00      -1.00000000e+00       8.83544113e+00
      3.83000000e+03       1.32653483e+01       4.61586538e+00       8.64948287e+00      -1.00000000e+00       8.88544004e+00
      3.84000000e+03       1.32645649e+01       1.18444636e+01       1.42010132e+00      -1.00000000e+00       8.93543894e+00
      3.85000000e+03       1.32655532e+01       2.37769286e+00       1.08878603e+01      -1.00000000e+00       8.98543785e+00
      3.86000000e+03       1.32650694e+01       7.02992317e+00       6.23514621e+00      -1.00000000e+00       9.03543676e+00
      3.87000000e+03       1.32647025e+01       1.06358856e+01       2.62881693e+00      -1.00000000e+00       9.08543567e+00
      3.88000000e+03       1.32656621e+01       1.34439617e+00       1.19212660e+01      -1.00000000e+00       9.13543457e+00
      3.89000000e+03       1.32647927e+01       9.52204347e+00       3.74274923e+00      -1.00000000e+00       9.18543348e+00
      3.90000000e+03       1.32649389e+01       8.73839748e+00       4.52654137e+00      -1.00000000e+00       9.23543239e+00
      3.91000000e+03       1.32656576e+01       7.77845923e-01       1.24878117e+01      -1.00000000e+00       9.28543130e+00
      3.92000000e+03       1.32645258e+01       1.28888789e+01       3.75646949e-01      -1.00000000e+00       9.33543020e+00
      3.93000000e+03       1.32653338e+01       4.07202446e+00       9.19330936e+00      -1.00000000e+00       9.38542911e+00
      3.94000000e+03       1.32653655e+01       4.36484874e+00       8.90051674e+00      -1.00000000e+00       9.43542802e+00
      3.95000000e+03       1.32645524e+01       1.20732357e+01       1.19131666e+00      -1.00000000e+00       9.48542693e+00
      3.96000000e+03       1.32655585e+01       2.20633056e+00       1.10592279e+01      -1.00000000e+00       9.53542583e+00
      3.97000000e+03       1.32650679e+01       7.16592951e+00       6.09913840e+00      -1.00000000e+00       9.58542474e+00
      3.98000000e+03       1.32647063e+01       1.04849331e+01       2.77977326e+00      -1.00000000e+00       9.63542365e+00
      3.99000000e+03       1.32656519e+01       1.53993838e+00       1.17257135e+01      -1.00000000e+00       9.68542256e+00
      4.00000000e+03       1.32648078e+01       9.30651871e+00       3.95828910e+00      -1.00000000e+00       9.73542146e+00
      4.01000000e+03       1.32649255e+01       8.90131228e+00       4.36361322e+00      -1.00000000e+00       9.78542037e+00
      4.02000000e+03       1.32656617e+01       7.45288193e-01       1.25203735e+01      -1.00000000e+00       9.83541928e+00
      4.03000000e+03       1.32645343e+01       1.27586261e+01       5.05908216e-01      -1.00000000e+00       9.88541819e+00
      4.04000000e+03       1.32653159e+01       4.32880073e+00       8.93651520e+00      -1.00000000e+00       9.93541709e+00
      4.05000000e+03       1.32653850e+01       4.06668380e+00       9.19870121e+00      -1.00000000e+00       9.98541600e+00
      4.06000000e+03       1.32645386e+01       1.23287672e+01       9.35771430e-01      -1.00000000e+00       1.00354149e+01
      4.07000000e+03       1.32655640e+01       2.03004954e+00       1.12355144e+01      -1.00000000e+00       1.00854138e+01
      4.08000000e+03       1.32650673e+01       7.28546004e+00       5.97960724e+00      -1.00000000e+00       1.01354127e+01
      4.09000000e+03       1.32647084e+01       1.03701910e+01       2.89451737e+00      -1.00000000e+00       1.01854116e+01
      4.10000000e+03       1.32656442e+01       1.68220790e+00       1.15834363e+01      -1.00000000e+00       1.02354105e+01
      4.11000000e+03       1.32648197e+01       9.15731525e+00       4.10750441e+00      -1.00000000e+00       1.02854094e+01
      4.12000000e+03       1.32649159e+01       8.99063045e+00       4.27428541e+00      -1.00000000e+00       1.03354084e+01
      4.13000000e+03       1.32656620e+01       7.86161824e-01       1.24795002e+01      -1.00000000e+00       1.03854073e+01
      4.14000000e+03       1.32645462e+01       1.25632957e+01       7.01250512e-01      -1.00000000e+00       1.04354062e+01
      4.15000000e+03       1.32652955e+01       4.63488623e+00       8.63040931e+00      -1.00000000e+00       1.04854051e+01
      4.16000000e+03       1.32654059e+01       3.74014609e+00       9.52525981e+00      -1.00000000e+00       1.05354040e+01
      4.17000000e+03       1.32645247e+01       1.25895742e+01       6.74950479e-01      -1.00000000e+00       1.05854029e+01
      4.18000000e+03       1.32655685e+01       1.87094831e+00       1.13946202e+01      -1.00000000e+00       1.06354018e+01
      4.19000000e+03       1.32650685e+01       7.36793726e+00       5.89713123e+00      -1.00000000e+00       1.06854007e+01
      4.20000000e+03       1.32647079e+01       1.03087362e+01       2.95597171e+00      -1.00000000e+00       1.07353996e+01
